服务器输出文件名	config_equip_wash_value.xml	根名称	ability																				
客户端输出文件名	config_equip_wash_value.xml	项名称	equip_wash_type																				
唯一idx	部位	品质(颜色)	属性类型	阶	随机数量	类型值1概率%	类型值1开始	类型值1结束	类型值2概率%	类型值2开始	类型值2结束	类型值3概率%	类型值3开始	类型值3结束	类型值4概率%	类型值4开始	类型值4结束	类型值5概率%	类型值5开始	类型值5结束			
3	3	3	3	3	3	3	3	3	3	3	3	3	3	3	3	3	3	3	3	3			
type_idx	postion	quailty	addition_idx	stage	addition_count	addition_mod_0	addition_value_start_0	addition_value_end_0	addition_mod_1	addition_value_start_1	addition_value_end_1	addition_mod_2	addition_value_start_2	addition_value_end_2	addition_mod_3	addition_value_start_3	addition_value_end_3	addition_mod_4	addition_value_start_4	addition_value_end_4			
10111101	0	1	111	1	5	10	1	10	20	11	20	30	21	30	30	31	40	40	41	50			1
10111202	0	1	112	2	5	10	1	10	20	11	20	30	21	30	30	31	40	40	41	50			1
10111303	0	1	113	3	5	10	1	10	20	11	20	30	21	30	30	31	40	40	41	50			1
10111404	0	1	114	4	5	10	1	10	20	11	20	30	21	30	30	31	40	40	41	50			1
10111505	0	1	115	5	5	10	1	10	20	11	20	30	21	30	30	31	40	40	41	50			1
10111606	0	1	116	6	5	10	1	10	20	11	20	30	21	30	30	31	40	40	41	50			1
10111707	0	1	117	7	5	10	1	10	20	11	20	30	21	30	30	31	40	40	41	50			1
10111808	0	1	118	8	5	10	1	10	20	11	20	30	21	30	30	31	40	40	41	50			1
10111909	0	1	119	9	5	10	1	10	20	11	20	30	21	30	30	31	40	40	41	50			1
10112010	0	1	120	10	5	10	1	10	20	11	20	30	21	30	30	31	40	40	41	50			1
10112111	0	1	121	11	5	10	1	10	20	11	20	30	21	30	30	31	40	40	41	50			1
10212201	0	2	122	1	5	10	1	10	20	11	20	30	21	30	30	31	40	40	41	50			2
10211102	0	2	111	2	5	10	1	10	20	11	20	30	21	30	30	31	40	40	41	50			2
10211203	0	2	112	3	5	10	1	10	20	11	20	30	21	30	30	31	40	40	41	50			2
10211304	0	2	113	4	5	10	1	10	20	11	20	30	21	30	30	31	40	40	41	50			2
10211405	0	2	114	5	5	10	1	10	20	11	20	30	21	30	30	31	40	40	41	50			2
10211506	0	2	115	6	5	10	1	10	20	11	20	30	21	30	30	31	40	40	41	50			2
10211607	0	2	116	7	5	10	1	10	20	11	20	30	21	30	30	31	40	40	41	50			2
10211708	0	2	117	8	5	10	1	10	20	11	20	30	21	30	30	31	40	40	41	50			2
10211809	0	2	118	9	5	10	1	10	20	11	20	30	21	30	30	31	40	40	41	50			2
10211910	0	2	119	10	5	10	1	10	20	11	20	30	21	30	30	31	40	40	41	50			2
10212011	0	2	120	11	5	10	1	10	20	11	20	30	21	30	30	31	40	40	41	50			2
10312101	0	3	121	1	5	10	1	10	20	11	20	30	21	30	30	31	40	40	41	50			3
10312202	0	3	122	2	5	10	1	10	20	11	20	30	21	30	30	31	40	40	41	50			3
10311103	0	3	111	3	5	10	1	10	20	11	20	30	21	30	30	31	40	40	41	50			3
10311204	0	3	112	4	5	10	1	10	20	11	20	30	21	30	30	31	40	40	41	50			3
10311305	0	3	113	5	5	10	1	10	20	11	20	30	21	30	30	31	40	40	41	50			3
10311406	0	3	114	6	5	10	1	10	20	11	20	30	21	30	30	31	40	40	41	50			3
10311507	0	3	115	7	5	10	1	10	20	11	20	30	21	30	30	31	40	40	41	50			3
10311608	0	3	116	8	5	10	1	10	20	11	20	30	21	30	30	31	40	40	41	50			3
10311709	0	3	117	9	5	10	1	10	20	11	20	30	21	30	30	31	40	40	41	50			3
10311810	0	3	118	10	5	10	1	10	20	11	20	30	21	30	30	31	40	40	41	50			3
10311911	0	3	119	11	5	10	1	10	20	11	20	30	21	30	30	31	40	40	41	50			3
10412001	0	4	120	1	5	10	1	10	20	11	20	30	21	30	30	31	40	40	41	50			4
10412102	0	4	121	2	5	10	1	10	20	11	20	30	21	30	30	31	40	40	41	50			4
10412203	0	4	122	3	5	10	1	10	20	11	20	30	21	30	30	31	40	40	41	50			4
10411104	0	4	111	4	5	10	1	10	20	11	20	30	21	30	30	31	40	40	41	50			4
10411205	0	4	112	5	5	10	1	10	20	11	20	30	21	30	30	31	40	40	41	50			4
10411306	0	4	113	6	5	10	1	10	20	11	20	30	21	30	30	31	40	40	41	50			4
10411407	0	4	114	7	5	10	1	10	20	11	20	30	21	30	30	31	40	40	41	50			4
10411508	0	4	115	8	5	10	1	10	20	11	20	30	21	30	30	31	40	40	41	50			4
10411609	0	4	116	9	5	10	1	10	20	11	20	30	21	30	30	31	40	40	41	50			4
10411710	0	4	117	10	5	10	1	10	20	11	20	30	21	30	30	31	40	40	41	50			4
10411811	0	4	118	11	5	10	1	10	20	11	20	30	21	30	30	31	40	40	41	50			4
10511901	0	5	119	1	5	10	1	10	20	11	20	30	21	30	30	31	40	40	41	50			5
10512002	0	5	120	2	5	10	1	10	20	11	20	30	21	30	30	31	40	40	41	50			5
10512103	0	5	121	3	5	10	1	10	20	11	20	30	21	30	30	31	40	40	41	50			5
10512204	0	5	122	4	5	10	1	10	20	11	20	30	21	30	30	31	40	40	41	50			5
10511105	0	5	111	5	5	10	1	10	20	11	20	30	21	30	30	31	40	40	41	50			5
10511206	0	5	112	6	5	10	1	10	20	11	20	30	21	30	30	31	40	40	41	50			5
10511307	0	5	113	7	5	10	1	10	20	11	20	30	21	30	30	31	40	40	41	50			5
10511408	0	5	114	8	5	10	1	10	20	11	20	30	21	30	30	31	40	40	41	50			5
10511509	0	5	115	9	5	10	1	10	20	11	20	30	21	30	30	31	40	40	41	50			5
10511610	0	5	116	10	5	10	1	10	20	11	20	30	21	30	30	31	40	40	41	50			5
10511711	0	5	117	11	5	10	1	10	20	11	20	30	21	30	30	31	40	40	41	50			5
11111801	1	1	118	1	5	10	1	10	20	11	20	30	21	30	30	31	40	40	41	50			1
11111902	1	1	119	2	5	10	1	10	20	11	20	30	21	30	30	31	40	40	41	50			1
11112003	1	1	120	3	5	10	1	10	20	11	20	30	21	30	30	31	40	40	41	50			1
11112104	1	1	121	4	5	10	1	10	20	11	20	30	21	30	30	31	40	40	41	50			1
11112205	1	1	122	5	5	10	1	10	20	11	20	30	21	30	30	31	40	40	41	50			1
11111106	1	1	111	6	5	10	1	10	20	11	20	30	21	30	30	31	40	40	41	50			1
11111207	1	1	112	7	5	10	1	10	20	11	20	30	21	30	30	31	40	40	41	50			1
11111308	1	1	113	8	5	10	1	10	20	11	20	30	21	30	30	31	40	40	41	50			1
11111409	1	1	114	9	5	10	1	10	20	11	20	30	21	30	30	31	40	40	41	50			1
11111510	1	1	115	10	5	10	1	10	20	11	20	30	21	30	30	31	40	40	41	50			1
11111611	1	1	116	11	5	10	1	10	20	11	20	30	21	30	30	31	40	40	41	50			1
11211701	1	2	117	1	5	10	1	10	20	11	20	30	21	30	30	31	40	40	41	50			2
11211802	1	2	118	2	5	10	1	10	20	11	20	30	21	30	30	31	40	40	41	50			2
11211903	1	2	119	3	5	10	1	10	20	11	20	30	21	30	30	31	40	40	41	50			2
11212004	1	2	120	4	5	10	1	10	20	11	20	30	21	30	30	31	40	40	41	50			2
11212105	1	2	121	5	5	10	1	10	20	11	20	30	21	30	30	31	40	40	41	50			2
11212206	1	2	122	6	5	10	1	10	20	11	20	30	21	30	30	31	40	40	41	50			2
11211107	1	2	111	7	5	10	1	10	20	11	20	30	21	30	30	31	40	40	41	50			2
11211208	1	2	112	8	5	10	1	10	20	11	20	30	21	30	30	31	40	40	41	50			2
11211309	1	2	113	9	5	10	1	10	20	11	20	30	21	30	30	31	40	40	41	50			2
11211410	1	2	114	10	5	10	1	10	20	11	20	30	21	30	30	31	40	40	41	50			2
11211511	1	2	115	11	5	10	1	10	20	11	20	30	21	30	30	31	40	40	41	50			2
11311601	1	3	116	1	5	10	1	10	20	11	20	30	21	30	30	31	40	40	41	50			3
11311702	1	3	117	2	5	10	1	10	20	11	20	30	21	30	30	31	40	40	41	50			3
11311803	1	3	118	3	5	10	1	10	20	11	20	30	21	30	30	31	40	40	41	50			3
11311904	1	3	119	4	5	10	1	10	20	11	20	30	21	30	30	31	40	40	41	50			3
11312005	1	3	120	5	5	10	1	10	20	11	20	30	21	30	30	31	40	40	41	50			3
11312106	1	3	121	6	5	10	1	10	20	11	20	30	21	30	30	31	40	40	41	50			3
11312207	1	3	122	7	5	10	1	10	20	11	20	30	21	30	30	31	40	40	41	50			3
11311108	1	3	111	8	5	10	1	10	20	11	20	30	21	30	30	31	40	40	41	50			3
11311209	1	3	112	9	5	10	1	10	20	11	20	30	21	30	30	31	40	40	41	50			3
11311310	1	3	113	10	5	10	1	10	20	11	20	30	21	30	30	31	40	40	41	50			3
11311411	1	3	114	11	5	10	1	10	20	11	20	30	21	30	30	31	40	40	41	50			3
11411501	1	4	115	1	5	10	1	10	20	11	20	30	21	30	30	31	40	40	41	50			4
11411602	1	4	116	2	5	10	1	10	20	11	20	30	21	30	30	31	40	40	41	50			4
11411703	1	4	117	3	5	10	1	10	20	11	20	30	21	30	30	31	40	40	41	50			4
11411804	1	4	118	4	5	10	1	10	20	11	20	30	21	30	30	31	40	40	41	50			4
11411905	1	4	119	5	5	10	1	10	20	11	20	30	21	30	30	31	40	40	41	50			4
11412006	1	4	120	6	5	10	1	10	20	11	20	30	21	30	30	31	40	40	41	50			4
11412107	1	4	121	7	5	10	1	10	20	11	20	30	21	30	30	31	40	40	41	50			4
11412208	1	4	122	8	5	10	1	10	20	11	20	30	21	30	30	31	40	40	41	50			4
11411109	1	4	111	9	5	10	1	10	20	11	20	30	21	30	30	31	40	40	41	50			4
11411210	1	4	112	10	5	10	1	10	20	11	20	30	21	30	30	31	40	40	41	50			4
11411311	1	4	113	11	5	10	1	10	20	11	20	30	21	30	30	31	40	40	41	50			4
11511401	1	5	114	1	5	10	1	10	20	11	20	30	21	30	30	31	40	40	41	50			5
11511502	1	5	115	2	5	10	1	10	20	11	20	30	21	30	30	31	40	40	41	50			5
11511603	1	5	116	3	5	10	1	10	20	11	20	30	21	30	30	31	40	40	41	50			5
11511704	1	5	117	4	5	10	1	10	20	11	20	30	21	30	30	31	40	40	41	50			5
11511805	1	5	118	5	5	10	1	10	20	11	20	30	21	30	30	31	40	40	41	50			5
11511906	1	5	119	6	5	10	1	10	20	11	20	30	21	30	30	31	40	40	41	50			5
11512007	1	5	120	7	5	10	1	10	20	11	20	30	21	30	30	31	40	40	41	50			5
11512108	1	5	121	8	5	10	1	10	20	11	20	30	21	30	30	31	40	40	41	50			5
11512209	1	5	122	9	5	10	1	10	20	11	20	30	21	30	30	31	40	40	41	50			5
11511110	1	5	111	10	5	10	1	10	20	11	20	30	21	30	30	31	40	40	41	50			5
11511211	1	5	112	11	5	10	1	10	20	11	20	30	21	30	30	31	40	40	41	50			5
12111301	2	1	113	1	5	10	1	10	20	11	20	30	21	30	30	31	40	40	41	50			1
12111402	2	1	114	2	5	10	1	10	20	11	20	30	21	30	30	31	40	40	41	50			1
12111503	2	1	115	3	5	10	1	10	20	11	20	30	21	30	30	31	40	40	41	50			1
12111604	2	1	116	4	5	10	1	10	20	11	20	30	21	30	30	31	40	40	41	50			1
12111705	2	1	117	5	5	10	1	10	20	11	20	30	21	30	30	31	40	40	41	50			1
12111806	2	1	118	6	5	10	1	10	20	11	20	30	21	30	30	31	40	40	41	50			1
12111907	2	1	119	7	5	10	1	10	20	11	20	30	21	30	30	31	40	40	41	50			1
12112008	2	1	120	8	5	10	1	10	20	11	20	30	21	30	30	31	40	40	41	50			1
12112109	2	1	121	9	5	10	1	10	20	11	20	30	21	30	30	31	40	40	41	50			1
12112210	2	1	122	10	5	10	1	10	20	11	20	30	21	30	30	31	40	40	41	50			1
12111111	2	1	111	11	5	10	1	10	20	11	20	30	21	30	30	31	40	40	41	50			1
12211201	2	2	112	1	5	10	1	10	20	11	20	30	21	30	30	31	40	40	41	50			2
12211302	2	2	113	2	5	10	1	10	20	11	20	30	21	30	30	31	40	40	41	50			2
12211403	2	2	114	3	5	10	1	10	20	11	20	30	21	30	30	31	40	40	41	50			2
12211504	2	2	115	4	5	10	1	10	20	11	20	30	21	30	30	31	40	40	41	50			2
12211605	2	2	116	5	5	10	1	10	20	11	20	30	21	30	30	31	40	40	41	50			2
12211706	2	2	117	6	5	10	1	10	20	11	20	30	21	30	30	31	40	40	41	50			2
12211807	2	2	118	7	5	10	1	10	20	11	20	30	21	30	30	31	40	40	41	50			2
12211908	2	2	119	8	5	10	1	10	20	11	20	30	21	30	30	31	40	40	41	50			2
12212009	2	2	120	9	5	10	1	10	20	11	20	30	21	30	30	31	40	40	41	50			2
12212110	2	2	121	10	5	10	1	10	20	11	20	30	21	30	30	31	40	40	41	50			2
12212211	2	2	122	11	5	10	1	10	20	11	20	30	21	30	30	31	40	40	41	50			2
12311101	2	3	111	1	5	10	1	10	20	11	20	30	21	30	30	31	40	40	41	50			3
12311202	2	3	112	2	5	10	1	10	20	11	20	30	21	30	30	31	40	40	41	50			3
12311303	2	3	113	3	5	10	1	10	20	11	20	30	21	30	30	31	40	40	41	50			3
12311404	2	3	114	4	5	10	1	10	20	11	20	30	21	30	30	31	40	40	41	50			3
12311505	2	3	115	5	5	10	1	10	20	11	20	30	21	30	30	31	40	40	41	50			3
12311606	2	3	116	6	5	10	1	10	20	11	20	30	21	30	30	31	40	40	41	50			3
12311707	2	3	117	7	5	10	1	10	20	11	20	30	21	30	30	31	40	40	41	50			3
12311808	2	3	118	8	5	10	1	10	20	11	20	30	21	30	30	31	40	40	41	50			3
12311909	2	3	119	9	5	10	1	10	20	11	20	30	21	30	30	31	40	40	41	50			3
12312010	2	3	120	10	5	10	1	10	20	11	20	30	21	30	30	31	40	40	41	50			3
12312111	2	3	121	11	5	10	1	10	20	11	20	30	21	30	30	31	40	40	41	50			3
12412201	2	4	122	1	5	10	1	10	20	11	20	30	21	30	30	31	40	40	41	50			4
12411102	2	4	111	2	5	10	1	10	20	11	20	30	21	30	30	31	40	40	41	50			4
12411203	2	4	112	3	5	10	1	10	20	11	20	30	21	30	30	31	40	40	41	50			4
12411304	2	4	113	4	5	10	1	10	20	11	20	30	21	30	30	31	40	40	41	50			4
12411405	2	4	114	5	5	10	1	10	20	11	20	30	21	30	30	31	40	40	41	50			4
12411506	2	4	115	6	5	10	1	10	20	11	20	30	21	30	30	31	40	40	41	50			4
12411607	2	4	116	7	5	10	1	10	20	11	20	30	21	30	30	31	40	40	41	50			4
12411708	2	4	117	8	5	10	1	10	20	11	20	30	21	30	30	31	40	40	41	50			4
12411809	2	4	118	9	5	10	1	10	20	11	20	30	21	30	30	31	40	40	41	50			4
12411910	2	4	119	10	5	10	1	10	20	11	20	30	21	30	30	31	40	40	41	50			4
12412011	2	4	120	11	5	10	1	10	20	11	20	30	21	30	30	31	40	40	41	50			4
12512101	2	5	121	1	5	10	1	10	20	11	20	30	21	30	30	31	40	40	41	50			5
12512202	2	5	122	2	5	10	1	10	20	11	20	30	21	30	30	31	40	40	41	50			5
12511103	2	5	111	3	5	10	1	10	20	11	20	30	21	30	30	31	40	40	41	50			5
12511204	2	5	112	4	5	10	1	10	20	11	20	30	21	30	30	31	40	40	41	50			5
12511305	2	5	113	5	5	10	1	10	20	11	20	30	21	30	30	31	40	40	41	50			5
12511406	2	5	114	6	5	10	1	10	20	11	20	30	21	30	30	31	40	40	41	50			5
12511507	2	5	115	7	5	10	1	10	20	11	20	30	21	30	30	31	40	40	41	50			5
12511608	2	5	116	8	5	10	1	10	20	11	20	30	21	30	30	31	40	40	41	50			5
12511709	2	5	117	9	5	10	1	10	20	11	20	30	21	30	30	31	40	40	41	50			5
12511810	2	5	118	10	5	10	1	10	20	11	20	30	21	30	30	31	40	40	41	50			5
12511911	2	5	119	11	5	10	1	10	20	11	20	30	21	30	30	31	40	40	41	50			5
13112001	3	1	120	1	5	10	1	10	20	11	20	30	21	30	30	31	40	40	41	50			1
13112102	3	1	121	2	5	10	1	10	20	11	20	30	21	30	30	31	40	40	41	50			1
13112203	3	1	122	3	5	10	1	10	20	11	20	30	21	30	30	31	40	40	41	50			1
13111104	3	1	111	4	5	10	1	10	20	11	20	30	21	30	30	31	40	40	41	50			1
13111205	3	1	112	5	5	10	1	10	20	11	20	30	21	30	30	31	40	40	41	50			1
13111306	3	1	113	6	5	10	1	10	20	11	20	30	21	30	30	31	40	40	41	50			1
13111407	3	1	114	7	5	10	1	10	20	11	20	30	21	30	30	31	40	40	41	50			1
13111508	3	1	115	8	5	10	1	10	20	11	20	30	21	30	30	31	40	40	41	50			1
13111609	3	1	116	9	5	10	1	10	20	11	20	30	21	30	30	31	40	40	41	50			1
13111710	3	1	117	10	5	10	1	10	20	11	20	30	21	30	30	31	40	40	41	50			1
13111811	3	1	118	11	5	10	1	10	20	11	20	30	21	30	30	31	40	40	41	50			1
13211901	3	2	119	1	5	10	1	10	20	11	20	30	21	30	30	31	40	40	41	50			2
13212002	3	2	120	2	5	10	1	10	20	11	20	30	21	30	30	31	40	40	41	50			2
13212103	3	2	121	3	5	10	1	10	20	11	20	30	21	30	30	31	40	40	41	50			2
13212204	3	2	122	4	5	10	1	10	20	11	20	30	21	30	30	31	40	40	41	50			2
13211105	3	2	111	5	5	10	1	10	20	11	20	30	21	30	30	31	40	40	41	50			2
13211206	3	2	112	6	5	10	1	10	20	11	20	30	21	30	30	31	40	40	41	50			2
13211307	3	2	113	7	5	10	1	10	20	11	20	30	21	30	30	31	40	40	41	50			2
13211408	3	2	114	8	5	10	1	10	20	11	20	30	21	30	30	31	40	40	41	50			2
13211509	3	2	115	9	5	10	1	10	20	11	20	30	21	30	30	31	40	40	41	50			2
13211610	3	2	116	10	5	10	1	10	20	11	20	30	21	30	30	31	40	40	41	50			2
13211711	3	2	117	11	5	10	1	10	20	11	20	30	21	30	30	31	40	40	41	50			2
13311801	3	3	118	1	5	10	1	10	20	11	20	30	21	30	30	31	40	40	41	50			3
13311902	3	3	119	2	5	10	1	10	20	11	20	30	21	30	30	31	40	40	41	50			3
13312003	3	3	120	3	5	10	1	10	20	11	20	30	21	30	30	31	40	40	41	50			3
13312104	3	3	121	4	5	10	1	10	20	11	20	30	21	30	30	31	40	40	41	50			3
13312205	3	3	122	5	5	10	1	10	20	11	20	30	21	30	30	31	40	40	41	50			3
13311106	3	3	111	6	5	10	1	10	20	11	20	30	21	30	30	31	40	40	41	50			3
13311207	3	3	112	7	5	10	1	10	20	11	20	30	21	30	30	31	40	40	41	50			3
13311308	3	3	113	8	5	10	1	10	20	11	20	30	21	30	30	31	40	40	41	50			3
13311409	3	3	114	9	5	10	1	10	20	11	20	30	21	30	30	31	40	40	41	50			3
13311510	3	3	115	10	5	10	1	10	20	11	20	30	21	30	30	31	40	40	41	50			3
13311611	3	3	116	11	5	10	1	10	20	11	20	30	21	30	30	31	40	40	41	50			3
13411701	3	4	117	1	5	10	1	10	20	11	20	30	21	30	30	31	40	40	41	50			4
13411802	3	4	118	2	5	10	1	10	20	11	20	30	21	30	30	31	40	40	41	50			4
13411903	3	4	119	3	5	10	1	10	20	11	20	30	21	30	30	31	40	40	41	50			4
13412004	3	4	120	4	5	10	1	10	20	11	20	30	21	30	30	31	40	40	41	50			4
13412105	3	4	121	5	5	10	1	10	20	11	20	30	21	30	30	31	40	40	41	50			4
13412206	3	4	122	6	5	10	1	10	20	11	20	30	21	30	30	31	40	40	41	50			4
13411107	3	4	111	7	5	10	1	10	20	11	20	30	21	30	30	31	40	40	41	50			4
13411208	3	4	112	8	5	10	1	10	20	11	20	30	21	30	30	31	40	40	41	50			4
13411309	3	4	113	9	5	10	1	10	20	11	20	30	21	30	30	31	40	40	41	50			4
13411410	3	4	114	10	5	10	1	10	20	11	20	30	21	30	30	31	40	40	41	50			4
13411511	3	4	115	11	5	10	1	10	20	11	20	30	21	30	30	31	40	40	41	50			4
13511601	3	5	116	1	5	10	1	10	20	11	20	30	21	30	30	31	40	40	41	50			5
13511702	3	5	117	2	5	10	1	10	20	11	20	30	21	30	30	31	40	40	41	50			5
13511803	3	5	118	3	5	10	1	10	20	11	20	30	21	30	30	31	40	40	41	50			5
13511904	3	5	119	4	5	10	1	10	20	11	20	30	21	30	30	31	40	40	41	50			5
13512005	3	5	120	5	5	10	1	10	20	11	20	30	21	30	30	31	40	40	41	50			5
13512106	3	5	121	6	5	10	1	10	20	11	20	30	21	30	30	31	40	40	41	50			5
13512207	3	5	122	7	5	10	1	10	20	11	20	30	21	30	30	31	40	40	41	50			5
13511108	3	5	111	8	5	10	1	10	20	11	20	30	21	30	30	31	40	40	41	50			5
13511209	3	5	112	9	5	10	1	10	20	11	20	30	21	30	30	31	40	40	41	50			5
13511310	3	5	113	10	5	10	1	10	20	11	20	30	21	30	30	31	40	40	41	50			5
13511411	3	5	114	11	5	10	1	10	20	11	20	30	21	30	30	31	40	40	41	50			5
14111501	4	1	115	1	5	10	1	10	20	11	20	30	21	30	30	31	40	40	41	50			1
14111602	4	1	116	2	5	10	1	10	20	11	20	30	21	30	30	31	40	40	41	50			1
14111703	4	1	117	3	5	10	1	10	20	11	20	30	21	30	30	31	40	40	41	50			1
14111804	4	1	118	4	5	10	1	10	20	11	20	30	21	30	30	31	40	40	41	50			1
14111905	4	1	119	5	5	10	1	10	20	11	20	30	21	30	30	31	40	40	41	50			1
14112006	4	1	120	6	5	10	1	10	20	11	20	30	21	30	30	31	40	40	41	50			1
14112107	4	1	121	7	5	10	1	10	20	11	20	30	21	30	30	31	40	40	41	50			1
14112208	4	1	122	8	5	10	1	10	20	11	20	30	21	30	30	31	40	40	41	50			1
14111109	4	1	111	9	5	10	1	10	20	11	20	30	21	30	30	31	40	40	41	50			1
14111210	4	1	112	10	5	10	1	10	20	11	20	30	21	30	30	31	40	40	41	50			1
14111311	4	1	113	11	5	10	1	10	20	11	20	30	21	30	30	31	40	40	41	50			1
14211401	4	2	114	1	5	10	1	10	20	11	20	30	21	30	30	31	40	40	41	50			2
14211502	4	2	115	2	5	10	1	10	20	11	20	30	21	30	30	31	40	40	41	50			2
14211603	4	2	116	3	5	10	1	10	20	11	20	30	21	30	30	31	40	40	41	50			2
14211704	4	2	117	4	5	10	1	10	20	11	20	30	21	30	30	31	40	40	41	50			2
14211805	4	2	118	5	5	10	1	10	20	11	20	30	21	30	30	31	40	40	41	50			2
14211906	4	2	119	6	5	10	1	10	20	11	20	30	21	30	30	31	40	40	41	50			2
14212007	4	2	120	7	5	10	1	10	20	11	20	30	21	30	30	31	40	40	41	50			2
14212108	4	2	121	8	5	10	1	10	20	11	20	30	21	30	30	31	40	40	41	50			2
14212209	4	2	122	9	5	10	1	10	20	11	20	30	21	30	30	31	40	40	41	50			2
14211110	4	2	111	10	5	10	1	10	20	11	20	30	21	30	30	31	40	40	41	50			2
14211211	4	2	112	11	5	10	1	10	20	11	20	30	21	30	30	31	40	40	41	50			2
14311301	4	3	113	1	5	10	1	10	20	11	20	30	21	30	30	31	40	40	41	50			3
14311402	4	3	114	2	5	10	1	10	20	11	20	30	21	30	30	31	40	40	41	50			3
14311503	4	3	115	3	5	10	1	10	20	11	20	30	21	30	30	31	40	40	41	50			3
14311604	4	3	116	4	5	10	1	10	20	11	20	30	21	30	30	31	40	40	41	50			3
14311705	4	3	117	5	5	10	1	10	20	11	20	30	21	30	30	31	40	40	41	50			3
14311806	4	3	118	6	5	10	1	10	20	11	20	30	21	30	30	31	40	40	41	50			3
14311907	4	3	119	7	5	10	1	10	20	11	20	30	21	30	30	31	40	40	41	50			3
14312008	4	3	120	8	5	10	1	10	20	11	20	30	21	30	30	31	40	40	41	50			3
14312109	4	3	121	9	5	10	1	10	20	11	20	30	21	30	30	31	40	40	41	50			3
14312210	4	3	122	10	5	10	1	10	20	11	20	30	21	30	30	31	40	40	41	50			3
14311111	4	3	111	11	5	10	1	10	20	11	20	30	21	30	30	31	40	40	41	50			3
14411201	4	4	112	1	5	10	1	10	20	11	20	30	21	30	30	31	40	40	41	50			4
14411302	4	4	113	2	5	10	1	10	20	11	20	30	21	30	30	31	40	40	41	50			4
14411403	4	4	114	3	5	10	1	10	20	11	20	30	21	30	30	31	40	40	41	50			4
14411504	4	4	115	4	5	10	1	10	20	11	20	30	21	30	30	31	40	40	41	50			4
14411605	4	4	116	5	5	10	1	10	20	11	20	30	21	30	30	31	40	40	41	50			4
14411706	4	4	117	6	5	10	1	10	20	11	20	30	21	30	30	31	40	40	41	50			4
14411807	4	4	118	7	5	10	1	10	20	11	20	30	21	30	30	31	40	40	41	50			4
14411908	4	4	119	8	5	10	1	10	20	11	20	30	21	30	30	31	40	40	41	50			4
14412009	4	4	120	9	5	10	1	10	20	11	20	30	21	30	30	31	40	40	41	50			4
14412110	4	4	121	10	5	10	1	10	20	11	20	30	21	30	30	31	40	40	41	50			4
14412211	4	4	122	11	5	10	1	10	20	11	20	30	21	30	30	31	40	40	41	50			4
14511101	4	5	111	1	5	10	1	10	20	11	20	30	21	30	30	31	40	40	41	50			5
14511202	4	5	112	2	5	10	1	10	20	11	20	30	21	30	30	31	40	40	41	50			5
14511303	4	5	113	3	5	10	1	10	20	11	20	30	21	30	30	31	40	40	41	50			5
14511404	4	5	114	4	5	10	1	10	20	11	20	30	21	30	30	31	40	40	41	50			5
14511505	4	5	115	5	5	10	1	10	20	11	20	30	21	30	30	31	40	40	41	50			5
14511606	4	5	116	6	5	10	1	10	20	11	20	30	21	30	30	31	40	40	41	50			5
14511707	4	5	117	7	5	10	1	10	20	11	20	30	21	30	30	31	40	40	41	50			5
14511808	4	5	118	8	5	10	1	10	20	11	20	30	21	30	30	31	40	40	41	50			5
14511909	4	5	119	9	5	10	1	10	20	11	20	30	21	30	30	31	40	40	41	50			5
14512010	4	5	120	10	5	10	1	10	20	11	20	30	21	30	30	31	40	40	41	50			5
14512111	4	5	121	11	5	10	1	10	20	11	20	30	21	30	30	31	40	40	41	50			5
15112201	5	1	122	1	5	10	1	10	20	11	20	30	21	30	30	31	40	40	41	50			1
15111102	5	1	111	2	5	10	1	10	20	11	20	30	21	30	30	31	40	40	41	50			1
15111203	5	1	112	3	5	10	1	10	20	11	20	30	21	30	30	31	40	40	41	50			1
15111304	5	1	113	4	5	10	1	10	20	11	20	30	21	30	30	31	40	40	41	50			1
15111405	5	1	114	5	5	10	1	10	20	11	20	30	21	30	30	31	40	40	41	50			1
15111506	5	1	115	6	5	10	1	10	20	11	20	30	21	30	30	31	40	40	41	50			1
15111607	5	1	116	7	5	10	1	10	20	11	20	30	21	30	30	31	40	40	41	50			1
15111708	5	1	117	8	5	10	1	10	20	11	20	30	21	30	30	31	40	40	41	50			1
15111809	5	1	118	9	5	10	1	10	20	11	20	30	21	30	30	31	40	40	41	50			1
15111910	5	1	119	10	5	10	1	10	20	11	20	30	21	30	30	31	40	40	41	50			1
15112011	5	1	120	11	5	10	1	10	20	11	20	30	21	30	30	31	40	40	41	50			1
15212101	5	2	121	1	5	10	1	10	20	11	20	30	21	30	30	31	40	40	41	50			2
15212202	5	2	122	2	5	10	1	10	20	11	20	30	21	30	30	31	40	40	41	50			2
15211103	5	2	111	3	5	10	1	10	20	11	20	30	21	30	30	31	40	40	41	50			2
15211204	5	2	112	4	5	10	1	10	20	11	20	30	21	30	30	31	40	40	41	50			2
15211305	5	2	113	5	5	10	1	10	20	11	20	30	21	30	30	31	40	40	41	50			2
15211406	5	2	114	6	5	10	1	10	20	11	20	30	21	30	30	31	40	40	41	50			2
15211507	5	2	115	7	5	10	1	10	20	11	20	30	21	30	30	31	40	40	41	50			2
15211608	5	2	116	8	5	10	1	10	20	11	20	30	21	30	30	31	40	40	41	50			2
15211709	5	2	117	9	5	10	1	10	20	11	20	30	21	30	30	31	40	40	41	50			2
15211810	5	2	118	10	5	10	1	10	20	11	20	30	21	30	30	31	40	40	41	50			2
15211911	5	2	119	11	5	10	1	10	20	11	20	30	21	30	30	31	40	40	41	50			2
15312001	5	3	120	1	5	10	1	10	20	11	20	30	21	30	30	31	40	40	41	50			3
15312102	5	3	121	2	5	10	1	10	20	11	20	30	21	30	30	31	40	40	41	50			3
15312203	5	3	122	3	5	10	1	10	20	11	20	30	21	30	30	31	40	40	41	50			3
15311104	5	3	111	4	5	10	1	10	20	11	20	30	21	30	30	31	40	40	41	50			3
15311205	5	3	112	5	5	10	1	10	20	11	20	30	21	30	30	31	40	40	41	50			3
15311306	5	3	113	6	5	10	1	10	20	11	20	30	21	30	30	31	40	40	41	50			3
15311407	5	3	114	7	5	10	1	10	20	11	20	30	21	30	30	31	40	40	41	50			3
15311508	5	3	115	8	5	10	1	10	20	11	20	30	21	30	30	31	40	40	41	50			3
15311609	5	3	116	9	5	10	1	10	20	11	20	30	21	30	30	31	40	40	41	50			3
15311710	5	3	117	10	5	10	1	10	20	11	20	30	21	30	30	31	40	40	41	50			3
15311811	5	3	118	11	5	10	1	10	20	11	20	30	21	30	30	31	40	40	41	50			3
15411901	5	4	119	1	5	10	1	10	20	11	20	30	21	30	30	31	40	40	41	50			4
15412002	5	4	120	2	5	10	1	10	20	11	20	30	21	30	30	31	40	40	41	50			4
15412103	5	4	121	3	5	10	1	10	20	11	20	30	21	30	30	31	40	40	41	50			4
15412204	5	4	122	4	5	10	1	10	20	11	20	30	21	30	30	31	40	40	41	50			4
15411105	5	4	111	5	5	10	1	10	20	11	20	30	21	30	30	31	40	40	41	50			4
15411206	5	4	112	6	5	10	1	10	20	11	20	30	21	30	30	31	40	40	41	50			4
15411307	5	4	113	7	5	10	1	10	20	11	20	30	21	30	30	31	40	40	41	50			4
15411408	5	4	114	8	5	10	1	10	20	11	20	30	21	30	30	31	40	40	41	50			4
15411509	5	4	115	9	5	10	1	10	20	11	20	30	21	30	30	31	40	40	41	50			4
15411610	5	4	116	10	5	10	1	10	20	11	20	30	21	30	30	31	40	40	41	50			4
15411711	5	4	117	11	5	10	1	10	20	11	20	30	21	30	30	31	40	40	41	50			4
15511801	5	5	118	1	5	10	1	10	20	11	20	30	21	30	30	31	40	40	41	50			5
15511902	5	5	119	2	5	10	1	10	20	11	20	30	21	30	30	31	40	40	41	50			5
15512003	5	5	120	3	5	10	1	10	20	11	20	30	21	30	30	31	40	40	41	50			5
15512104	5	5	121	4	5	10	1	10	20	11	20	30	21	30	30	31	40	40	41	50			5
15512205	5	5	122	5	5	10	1	10	20	11	20	30	21	30	30	31	40	40	41	50			5
15511106	5	5	111	6	5	10	1	10	20	11	20	30	21	30	30	31	40	40	41	50			5
15511207	5	5	112	7	5	10	1	10	20	11	20	30	21	30	30	31	40	40	41	50			5
15511308	5	5	113	8	5	10	1	10	20	11	20	30	21	30	30	31	40	40	41	50			5
15511409	5	5	114	9	5	10	1	10	20	11	20	30	21	30	30	31	40	40	41	50			5
15511510	5	5	115	10	5	10	1	10	20	11	20	30	21	30	30	31	40	40	41	50			5
15511611	5	5	116	11	5	10	1	10	20	11	20	30	21	30	30	31	40	40	41	50			5
16111701	6	1	117	1	5	10	1	10	20	11	20	30	21	30	30	31	40	40	41	50			1
16111802	6	1	118	2	5	10	1	10	20	11	20	30	21	30	30	31	40	40	41	50			1
16111903	6	1	119	3	5	10	1	10	20	11	20	30	21	30	30	31	40	40	41	50			1
16112004	6	1	120	4	5	10	1	10	20	11	20	30	21	30	30	31	40	40	41	50			1
16112105	6	1	121	5	5	10	1	10	20	11	20	30	21	30	30	31	40	40	41	50			1
16112206	6	1	122	6	5	10	1	10	20	11	20	30	21	30	30	31	40	40	41	50			1
16111107	6	1	111	7	5	10	1	10	20	11	20	30	21	30	30	31	40	40	41	50			1
16111208	6	1	112	8	5	10	1	10	20	11	20	30	21	30	30	31	40	40	41	50			1
16111309	6	1	113	9	5	10	1	10	20	11	20	30	21	30	30	31	40	40	41	50			1
16111410	6	1	114	10	5	10	1	10	20	11	20	30	21	30	30	31	40	40	41	50			1
16111511	6	1	115	11	5	10	1	10	20	11	20	30	21	30	30	31	40	40	41	50			1
16211601	6	2	116	1	5	10	1	10	20	11	20	30	21	30	30	31	40	40	41	50			2
16211702	6	2	117	2	5	10	1	10	20	11	20	30	21	30	30	31	40	40	41	50			2
16211803	6	2	118	3	5	10	1	10	20	11	20	30	21	30	30	31	40	40	41	50			2
16211904	6	2	119	4	5	10	1	10	20	11	20	30	21	30	30	31	40	40	41	50			2
16212005	6	2	120	5	5	10	1	10	20	11	20	30	21	30	30	31	40	40	41	50			2
16212106	6	2	121	6	5	10	1	10	20	11	20	30	21	30	30	31	40	40	41	50			2
16212207	6	2	122	7	5	10	1	10	20	11	20	30	21	30	30	31	40	40	41	50			2
16211108	6	2	111	8	5	10	1	10	20	11	20	30	21	30	30	31	40	40	41	50			2
16211209	6	2	112	9	5	10	1	10	20	11	20	30	21	30	30	31	40	40	41	50			2
16211310	6	2	113	10	5	10	1	10	20	11	20	30	21	30	30	31	40	40	41	50			2
16211411	6	2	114	11	5	10	1	10	20	11	20	30	21	30	30	31	40	40	41	50			2
16311501	6	3	115	1	5	10	1	10	20	11	20	30	21	30	30	31	40	40	41	50			3
16311602	6	3	116	2	5	10	1	10	20	11	20	30	21	30	30	31	40	40	41	50			3
16311703	6	3	117	3	5	10	1	10	20	11	20	30	21	30	30	31	40	40	41	50			3
16311804	6	3	118	4	5	10	1	10	20	11	20	30	21	30	30	31	40	40	41	50			3
16311905	6	3	119	5	5	10	1	10	20	11	20	30	21	30	30	31	40	40	41	50			3
16312006	6	3	120	6	5	10	1	10	20	11	20	30	21	30	30	31	40	40	41	50			3
16312107	6	3	121	7	5	10	1	10	20	11	20	30	21	30	30	31	40	40	41	50			3
16312208	6	3	122	8	5	10	1	10	20	11	20	30	21	30	30	31	40	40	41	50			3
16311109	6	3	111	9	5	10	1	10	20	11	20	30	21	30	30	31	40	40	41	50			3
16311210	6	3	112	10	5	10	1	10	20	11	20	30	21	30	30	31	40	40	41	50			3
16311311	6	3	113	11	5	10	1	10	20	11	20	30	21	30	30	31	40	40	41	50			3
16411401	6	4	114	1	5	10	1	10	20	11	20	30	21	30	30	31	40	40	41	50			4
16411502	6	4	115	2	5	10	1	10	20	11	20	30	21	30	30	31	40	40	41	50			4
16411603	6	4	116	3	5	10	1	10	20	11	20	30	21	30	30	31	40	40	41	50			4
16411704	6	4	117	4	5	10	1	10	20	11	20	30	21	30	30	31	40	40	41	50			4
16411805	6	4	118	5	5	10	1	10	20	11	20	30	21	30	30	31	40	40	41	50			4
16411906	6	4	119	6	5	10	1	10	20	11	20	30	21	30	30	31	40	40	41	50			4
16412007	6	4	120	7	5	10	1	10	20	11	20	30	21	30	30	31	40	40	41	50			4
16412108	6	4	121	8	5	10	1	10	20	11	20	30	21	30	30	31	40	40	41	50			4
16412209	6	4	122	9	5	10	1	10	20	11	20	30	21	30	30	31	40	40	41	50			4
16411110	6	4	111	10	5	10	1	10	20	11	20	30	21	30	30	31	40	40	41	50			4
16411211	6	4	112	11	5	10	1	10	20	11	20	30	21	30	30	31	40	40	41	50			4
16511301	6	5	113	1	5	10	1	10	20	11	20	30	21	30	30	31	40	40	41	50			5
16511402	6	5	114	2	5	10	1	10	20	11	20	30	21	30	30	31	40	40	41	50			5
16511503	6	5	115	3	5	10	1	10	20	11	20	30	21	30	30	31	40	40	41	50			5
16511604	6	5	116	4	5	10	1	10	20	11	20	30	21	30	30	31	40	40	41	50			5
16511705	6	5	117	5	5	10	1	10	20	11	20	30	21	30	30	31	40	40	41	50			5
16511806	6	5	118	6	5	10	1	10	20	11	20	30	21	30	30	31	40	40	41	50			5
16511907	6	5	119	7	5	10	1	10	20	11	20	30	21	30	30	31	40	40	41	50			5
16512008	6	5	120	8	5	10	1	10	20	11	20	30	21	30	30	31	40	40	41	50			5
16512109	6	5	121	9	5	10	1	10	20	11	20	30	21	30	30	31	40	40	41	50			5
16512210	6	5	122	10	5	10	1	10	20	11	20	30	21	30	30	31	40	40	41	50			5
16511111	6	5	111	11	5	10	1	10	20	11	20	30	21	30	30	31	40	40	41	50			5
17111201	7	1	112	1	5	10	1	10	20	11	20	30	21	30	30	31	40	40	41	50			1
17111302	7	1	113	2	5	10	1	10	20	11	20	30	21	30	30	31	40	40	41	50			1
17111403	7	1	114	3	5	10	1	10	20	11	20	30	21	30	30	31	40	40	41	50			1
17111504	7	1	115	4	5	10	1	10	20	11	20	30	21	30	30	31	40	40	41	50			1
17111605	7	1	116	5	5	10	1	10	20	11	20	30	21	30	30	31	40	40	41	50			1
17111706	7	1	117	6	5	10	1	10	20	11	20	30	21	30	30	31	40	40	41	50			1
17111807	7	1	118	7	5	10	1	10	20	11	20	30	21	30	30	31	40	40	41	50			1
17111908	7	1	119	8	5	10	1	10	20	11	20	30	21	30	30	31	40	40	41	50			1
17112009	7	1	120	9	5	10	1	10	20	11	20	30	21	30	30	31	40	40	41	50			1
17112110	7	1	121	10	5	10	1	10	20	11	20	30	21	30	30	31	40	40	41	50			1
17112211	7	1	122	11	5	10	1	10	20	11	20	30	21	30	30	31	40	40	41	50			1
17211101	7	2	111	1	5	10	1	10	20	11	20	30	21	30	30	31	40	40	41	50			2
17211202	7	2	112	2	5	10	1	10	20	11	20	30	21	30	30	31	40	40	41	50			2
17211303	7	2	113	3	5	10	1	10	20	11	20	30	21	30	30	31	40	40	41	50			2
17211404	7	2	114	4	5	10	1	10	20	11	20	30	21	30	30	31	40	40	41	50			2
17211505	7	2	115	5	5	10	1	10	20	11	20	30	21	30	30	31	40	40	41	50			2
17211606	7	2	116	6	5	10	1	10	20	11	20	30	21	30	30	31	40	40	41	50			2
17211707	7	2	117	7	5	10	1	10	20	11	20	30	21	30	30	31	40	40	41	50			2
17211808	7	2	118	8	5	10	1	10	20	11	20	30	21	30	30	31	40	40	41	50			2
17211909	7	2	119	9	5	10	1	10	20	11	20	30	21	30	30	31	40	40	41	50			2
17212010	7	2	120	10	5	10	1	10	20	11	20	30	21	30	30	31	40	40	41	50			2
17212111	7	2	121	11	5	10	1	10	20	11	20	30	21	30	30	31	40	40	41	50			2
17312201	7	3	122	1	5	10	1	10	20	11	20	30	21	30	30	31	40	40	41	50			3
17311102	7	3	111	2	5	10	1	10	20	11	20	30	21	30	30	31	40	40	41	50			3
17311203	7	3	112	3	5	10	1	10	20	11	20	30	21	30	30	31	40	40	41	50			3
17311304	7	3	113	4	5	10	1	10	20	11	20	30	21	30	30	31	40	40	41	50			3
17311405	7	3	114	5	5	10	1	10	20	11	20	30	21	30	30	31	40	40	41	50			3
17311506	7	3	115	6	5	10	1	10	20	11	20	30	21	30	30	31	40	40	41	50			3
17311607	7	3	116	7	5	10	1	10	20	11	20	30	21	30	30	31	40	40	41	50			3
17311708	7	3	117	8	5	10	1	10	20	11	20	30	21	30	30	31	40	40	41	50			3
17311809	7	3	118	9	5	10	1	10	20	11	20	30	21	30	30	31	40	40	41	50			3
17311910	7	3	119	10	5	10	1	10	20	11	20	30	21	30	30	31	40	40	41	50			3
17312011	7	3	120	11	5	10	1	10	20	11	20	30	21	30	30	31	40	40	41	50			3
17412101	7	4	121	1	5	10	1	10	20	11	20	30	21	30	30	31	40	40	41	50			4
17412202	7	4	122	2	5	10	1	10	20	11	20	30	21	30	30	31	40	40	41	50			4
17411103	7	4	111	3	5	10	1	10	20	11	20	30	21	30	30	31	40	40	41	50			4
17411204	7	4	112	4	5	10	1	10	20	11	20	30	21	30	30	31	40	40	41	50			4
17411305	7	4	113	5	5	10	1	10	20	11	20	30	21	30	30	31	40	40	41	50			4
17411406	7	4	114	6	5	10	1	10	20	11	20	30	21	30	30	31	40	40	41	50			4
17411507	7	4	115	7	5	10	1	10	20	11	20	30	21	30	30	31	40	40	41	50			4
17411608	7	4	116	8	5	10	1	10	20	11	20	30	21	30	30	31	40	40	41	50			4
17411709	7	4	117	9	5	10	1	10	20	11	20	30	21	30	30	31	40	40	41	50			4
17411810	7	4	118	10	5	10	1	10	20	11	20	30	21	30	30	31	40	40	41	50			4
17411911	7	4	119	11	5	10	1	10	20	11	20	30	21	30	30	31	40	40	41	50			4
17512001	7	5	120	1	5	10	1	10	20	11	20	30	21	30	30	31	40	40	41	50			5
17512102	7	5	121	2	5	10	1	10	20	11	20	30	21	30	30	31	40	40	41	50			5
17512203	7	5	122	3	5	10	1	10	20	11	20	30	21	30	30	31	40	40	41	50			5
17511104	7	5	111	4	5	10	1	10	20	11	20	30	21	30	30	31	40	40	41	50			5
17511205	7	5	112	5	5	10	1	10	20	11	20	30	21	30	30	31	40	40	41	50			5
17511306	7	5	113	6	5	10	1	10	20	11	20	30	21	30	30	31	40	40	41	50			5
17511407	7	5	114	7	5	10	1	10	20	11	20	30	21	30	30	31	40	40	41	50			5
17511508	7	5	115	8	5	10	1	10	20	11	20	30	21	30	30	31	40	40	41	50			5
17511609	7	5	116	9	5	10	1	10	20	11	20	30	21	30	30	31	40	40	41	50			5
17511710	7	5	117	10	5	10	1	10	20	11	20	30	21	30	30	31	40	40	41	50			5
17511811	7	5	118	11	5	10	1	10	20	11	20	30	21	30	30	31	40	40	41	50			5
18111901	8	1	119	1	5	10	1	10	20	11	20	30	21	30	30	31	40	40	41	50			1
18112002	8	1	120	2	5	10	1	10	20	11	20	30	21	30	30	31	40	40	41	50			1
18112103	8	1	121	3	5	10	1	10	20	11	20	30	21	30	30	31	40	40	41	50			1
18112204	8	1	122	4	5	10	1	10	20	11	20	30	21	30	30	31	40	40	41	50			1
18111105	8	1	111	5	5	10	1	10	20	11	20	30	21	30	30	31	40	40	41	50			1
18111206	8	1	112	6	5	10	1	10	20	11	20	30	21	30	30	31	40	40	41	50			1
18111307	8	1	113	7	5	10	1	10	20	11	20	30	21	30	30	31	40	40	41	50			1
18111408	8	1	114	8	5	10	1	10	20	11	20	30	21	30	30	31	40	40	41	50			1
18111509	8	1	115	9	5	10	1	10	20	11	20	30	21	30	30	31	40	40	41	50			1
18111610	8	1	116	10	5	10	1	10	20	11	20	30	21	30	30	31	40	40	41	50			1
18111711	8	1	117	11	5	10	1	10	20	11	20	30	21	30	30	31	40	40	41	50			1
18211801	8	2	118	1	5	10	1	10	20	11	20	30	21	30	30	31	40	40	41	50			2
18211902	8	2	119	2	5	10	1	10	20	11	20	30	21	30	30	31	40	40	41	50			2
18212003	8	2	120	3	5	10	1	10	20	11	20	30	21	30	30	31	40	40	41	50			2
18212104	8	2	121	4	5	10	1	10	20	11	20	30	21	30	30	31	40	40	41	50			2
18212205	8	2	122	5	5	10	1	10	20	11	20	30	21	30	30	31	40	40	41	50			2
18211106	8	2	111	6	5	10	1	10	20	11	20	30	21	30	30	31	40	40	41	50			2
18211207	8	2	112	7	5	10	1	10	20	11	20	30	21	30	30	31	40	40	41	50			2
18211308	8	2	113	8	5	10	1	10	20	11	20	30	21	30	30	31	40	40	41	50			2
18211409	8	2	114	9	5	10	1	10	20	11	20	30	21	30	30	31	40	40	41	50			2
18211510	8	2	115	10	5	10	1	10	20	11	20	30	21	30	30	31	40	40	41	50			2
18211611	8	2	116	11	5	10	1	10	20	11	20	30	21	30	30	31	40	40	41	50			2
18311701	8	3	117	1	5	10	1	10	20	11	20	30	21	30	30	31	40	40	41	50			3
18311802	8	3	118	2	5	10	1	10	20	11	20	30	21	30	30	31	40	40	41	50			3
18311903	8	3	119	3	5	10	1	10	20	11	20	30	21	30	30	31	40	40	41	50			3
18312004	8	3	120	4	5	10	1	10	20	11	20	30	21	30	30	31	40	40	41	50			3
18312105	8	3	121	5	5	10	1	10	20	11	20	30	21	30	30	31	40	40	41	50			3
18312206	8	3	122	6	5	10	1	10	20	11	20	30	21	30	30	31	40	40	41	50			3
18311107	8	3	111	7	5	10	1	10	20	11	20	30	21	30	30	31	40	40	41	50			3
18311208	8	3	112	8	5	10	1	10	20	11	20	30	21	30	30	31	40	40	41	50			3
18311309	8	3	113	9	5	10	1	10	20	11	20	30	21	30	30	31	40	40	41	50			3
18311410	8	3	114	10	5	10	1	10	20	11	20	30	21	30	30	31	40	40	41	50			3
18311511	8	3	115	11	5	10	1	10	20	11	20	30	21	30	30	31	40	40	41	50			3
18411601	8	4	116	1	5	10	1	10	20	11	20	30	21	30	30	31	40	40	41	50			4
18411702	8	4	117	2	5	10	1	10	20	11	20	30	21	30	30	31	40	40	41	50			4
18411803	8	4	118	3	5	10	1	10	20	11	20	30	21	30	30	31	40	40	41	50			4
18411904	8	4	119	4	5	10	1	10	20	11	20	30	21	30	30	31	40	40	41	50			4
18412005	8	4	120	5	5	10	1	10	20	11	20	30	21	30	30	31	40	40	41	50			4
18412106	8	4	121	6	5	10	1	10	20	11	20	30	21	30	30	31	40	40	41	50			4
18412207	8	4	122	7	5	10	1	10	20	11	20	30	21	30	30	31	40	40	41	50			4
18411108	8	4	111	8	5	10	1	10	20	11	20	30	21	30	30	31	40	40	41	50			4
18411209	8	4	112	9	5	10	1	10	20	11	20	30	21	30	30	31	40	40	41	50			4
18411310	8	4	113	10	5	10	1	10	20	11	20	30	21	30	30	31	40	40	41	50			4
18411411	8	4	114	11	5	10	1	10	20	11	20	30	21	30	30	31	40	40	41	50			4
18511501	8	5	115	1	5	10	1	10	20	11	20	30	21	30	30	31	40	40	41	50			5
18511602	8	5	116	2	5	10	1	10	20	11	20	30	21	30	30	31	40	40	41	50			5
18511703	8	5	117	3	5	10	1	10	20	11	20	30	21	30	30	31	40	40	41	50			5
18511804	8	5	118	4	5	10	1	10	20	11	20	30	21	30	30	31	40	40	41	50			5
18511905	8	5	119	5	5	10	1	10	20	11	20	30	21	30	30	31	40	40	41	50			5
18512006	8	5	120	6	5	10	1	10	20	11	20	30	21	30	30	31	40	40	41	50			5
18512107	8	5	121	7	5	10	1	10	20	11	20	30	21	30	30	31	40	40	41	50			5
18512208	8	5	122	8	5	10	1	10	20	11	20	30	21	30	30	31	40	40	41	50			5
18511109	8	5	111	9	5	10	1	10	20	11	20	30	21	30	30	31	40	40	41	50			5
18511210	8	5	112	10	5	10	1	10	20	11	20	30	21	30	30	31	40	40	41	50			5
18511311	8	5	113	11	5	10	1	10	20	11	20	30	21	30	30	31	40	40	41	50			5
19111401	9	1	114	1	5	10	1	10	20	11	20	30	21	30	30	31	40	40	41	50			1
19111502	9	1	115	2	5	10	1	10	20	11	20	30	21	30	30	31	40	40	41	50			1
19111603	9	1	116	3	5	10	1	10	20	11	20	30	21	30	30	31	40	40	41	50			1
19111704	9	1	117	4	5	10	1	10	20	11	20	30	21	30	30	31	40	40	41	50			1
19111805	9	1	118	5	5	10	1	10	20	11	20	30	21	30	30	31	40	40	41	50			1
19111906	9	1	119	6	5	10	1	10	20	11	20	30	21	30	30	31	40	40	41	50			1
19112007	9	1	120	7	5	10	1	10	20	11	20	30	21	30	30	31	40	40	41	50			1
19112108	9	1	121	8	5	10	1	10	20	11	20	30	21	30	30	31	40	40	41	50			1
19112209	9	1	122	9	5	10	1	10	20	11	20	30	21	30	30	31	40	40	41	50			1
19111110	9	1	111	10	5	10	1	10	20	11	20	30	21	30	30	31	40	40	41	50			1
19111211	9	1	112	11	5	10	1	10	20	11	20	30	21	30	30	31	40	40	41	50			1
19211301	9	2	113	1	5	10	1	10	20	11	20	30	21	30	30	31	40	40	41	50			2
19211402	9	2	114	2	5	10	1	10	20	11	20	30	21	30	30	31	40	40	41	50			2
19211503	9	2	115	3	5	10	1	10	20	11	20	30	21	30	30	31	40	40	41	50			2
19211604	9	2	116	4	5	10	1	10	20	11	20	30	21	30	30	31	40	40	41	50			2
19211705	9	2	117	5	5	10	1	10	20	11	20	30	21	30	30	31	40	40	41	50			2
19211806	9	2	118	6	5	10	1	10	20	11	20	30	21	30	30	31	40	40	41	50			2
19211907	9	2	119	7	5	10	1	10	20	11	20	30	21	30	30	31	40	40	41	50			2
19212008	9	2	120	8	5	10	1	10	20	11	20	30	21	30	30	31	40	40	41	50			2
19212109	9	2	121	9	5	10	1	10	20	11	20	30	21	30	30	31	40	40	41	50			2
19212210	9	2	122	10	5	10	1	10	20	11	20	30	21	30	30	31	40	40	41	50			2
19211111	9	2	111	11	5	10	1	10	20	11	20	30	21	30	30	31	40	40	41	50			2
19311201	9	3	112	1	5	10	1	10	20	11	20	30	21	30	30	31	40	40	41	50			3
19311302	9	3	113	2	5	10	1	10	20	11	20	30	21	30	30	31	40	40	41	50			3
19311403	9	3	114	3	5	10	1	10	20	11	20	30	21	30	30	31	40	40	41	50			3
19311504	9	3	115	4	5	10	1	10	20	11	20	30	21	30	30	31	40	40	41	50			3
19311605	9	3	116	5	5	10	1	10	20	11	20	30	21	30	30	31	40	40	41	50			3
19311706	9	3	117	6	5	10	1	10	20	11	20	30	21	30	30	31	40	40	41	50			3
19311807	9	3	118	7	5	10	1	10	20	11	20	30	21	30	30	31	40	40	41	50			3
19311908	9	3	119	8	5	10	1	10	20	11	20	30	21	30	30	31	40	40	41	50			3
19312009	9	3	120	9	5	10	1	10	20	11	20	30	21	30	30	31	40	40	41	50			3
19312110	9	3	121	10	5	10	1	10	20	11	20	30	21	30	30	31	40	40	41	50			3
19312211	9	3	122	11	5	10	1	10	20	11	20	30	21	30	30	31	40	40	41	50			3
19411101	9	4	111	1	5	10	1	10	20	11	20	30	21	30	30	31	40	40	41	50			4
19411202	9	4	112	2	5	10	1	10	20	11	20	30	21	30	30	31	40	40	41	50			4
19411303	9	4	113	3	5	10	1	10	20	11	20	30	21	30	30	31	40	40	41	50			4
19411404	9	4	114	4	5	10	1	10	20	11	20	30	21	30	30	31	40	40	41	50			4
19411505	9	4	115	5	5	10	1	10	20	11	20	30	21	30	30	31	40	40	41	50			4
19411606	9	4	116	6	5	10	1	10	20	11	20	30	21	30	30	31	40	40	41	50			4
19411707	9	4	117	7	5	10	1	10	20	11	20	30	21	30	30	31	40	40	41	50			4
19411808	9	4	118	8	5	10	1	10	20	11	20	30	21	30	30	31	40	40	41	50			4
19411909	9	4	119	9	5	10	1	10	20	11	20	30	21	30	30	31	40	40	41	50			4
19412010	9	4	120	10	5	10	1	10	20	11	20	30	21	30	30	31	40	40	41	50			4
19412111	9	4	121	11	5	10	1	10	20	11	20	30	21	30	30	31	40	40	41	50			4
19512201	9	5	122	1	5	10	1	10	20	11	20	30	21	30	30	31	40	40	41	50			5
19511102	9	5	111	2	5	10	1	10	20	11	20	30	21	30	30	31	40	40	41	50			5
19511203	9	5	112	3	5	10	1	10	20	11	20	30	21	30	30	31	40	40	41	50			5
19511304	9	5	113	4	5	10	1	10	20	11	20	30	21	30	30	31	40	40	41	50			5
19511405	9	5	114	5	5	10	1	10	20	11	20	30	21	30	30	31	40	40	41	50			5
19511506	9	5	115	6	5	10	1	10	20	11	20	30	21	30	30	31	40	40	41	50			5
19511607	9	5	116	7	5	10	1	10	20	11	20	30	21	30	30	31	40	40	41	50			5
19511708	9	5	117	8	5	10	1	10	20	11	20	30	21	30	30	31	40	40	41	50			5
19511809	9	5	118	9	5	10	1	10	20	11	20	30	21	30	30	31	40	40	41	50			5
19511910	9	5	119	10	5	10	1	10	20	11	20	30	21	30	30	31	40	40	41	50			5
19512011	9	5	120	11	5	10	1	10	20	11	20	30	21	30	30	31	40	40	41	50			5
