服务器输出文件名	config_equip_star.xml	根名称	ability				
客户端输出文件名	config_equip_star.xml	项名称	equip_star				
星级	属性加成	概率	升星需要的道具ID	升星需要的道具数量	升星需要的金币	增加出售价格系数	uint8升星失败退星数
3	3	3	3	3	3	3	3
star_idx	add_scale	success_rate	up_need_item_idx	up_need_item_count	up_need_gold	sell_rate	fail_sub_star
0	1	100	220020001	10	100	10	0
1	1.1	100	220020001	10	100	10	0
2	1.2	90	220020001	10	100	10	0
3	1.3	83	220020001	10	100	10	0
4	1.4	75	220020002	10	100	10	1
5	1.6	68	220020002	10	100	10	1
6	1.8	61	220020002	10	100	10	1
7	2	54	220020003	10	100	10	1
8	2.2	46	220020003	10	100	10	1
9	2.4	39	220020003	10	100	10	1
10	2.6	31	220020004	10	100	10	1
11	2.8	24	220020004	10	100	10	1
12	3	17	220020004	10	100	10	1
