服务器输出文件名	config_monster_factory.xml	根名称	root									
客户端输出文件名	config_monster_factory.xml	项名称	item									
怪物id	类型id（模型）	名称	数值id（对应怪物数值的ID）	技能1id	技能1等级	技能2id	技能2等级	宝石id1	宝石id2	宝石id3	宝石id4	宝石id5
3	3	1	3	3	3	3	3	3	3	3	3	3
wild_id	wild_type	name	base_id	skill_id1	skill_level1	skill_id2	skill_level2	stone1	stone2	stone3	stone4	stone5
1	10001	丐帮弟子	1	0	0	0	0	0	0	0	0	0
2	10002	丐帮八袋弟子	2	0	0	0	0	0	0	0	0	0
3	10003	丐帮长老	3	0	0	0	0	0	0	0	0	0
4	10003	辽国武士	4	0	0	0	0	0	0	0	0	0
5	10007	少林弟子	5	0	0	0	0	0	0	0	0	0
6	10008	少林铜人	6	0	0	0	0	0	0	0	0	0
7	10009	少林长老	7	0	0	0	0	0	0	0	0	0
8	10010	武林人士	8	0	0	0	0	0	0	0	0	0
9	10011	灵鹫宫护法	9	0	0	0	0	0	0	0	0	0
10	10012	老虎	10	0	0	0	0	0	0	0	0	0
11	10013	蟒蛇	11	0	0	0	0	0	0	0	0	0
12	10014	豺狼	12	0	0	0	0	0	0	0	0	0
13	10015	金国弓兵	13	0	0	0	0	0	0	0	0	0
14	10016	金国铁甲兵	14	0	0	0	0	0	0	0	0	0
15	10017	金国将领	15	0	0	0	0	0	0	0	0	0
16	10018	蒙古大汉	16	0	0	0	0	0	0	0	0	0
17	10019	蒙古骑兵	17	0	0	0	0	0	0	0	0	0
18	10020	蒙古将领	18	0	0	0	0	0	0	0	0	0
19	10021	魔教女教徒	19	0	0	0	0	0	0	0	0	0
20	10022	魔教女暗部动	20	0	0	0	0	0	0	0	0	0
21	10023	魔教护法动	21	0	0	0	0	0	0	0	0	0
22	10024	全真长老	22	0	0	0	0	0	0	0	0	0
23	10025	武当长老	23	0	0	0	0	0	0	0	0	0
24	10027	五岳派长老	24	0	0	0	0	0	0	0	0	0
25	10029	五岳派长老	25	0	0	0	0	0	0	0	0	0
26	10030	秦红绵	26	0	0	0	0	0	0	0	0	0
27	10031	大理国护卫	27	0	0	0	0	0	0	0	0	0
28	10031	石头	28	0	0	0	0	0	0	0	0	0
29	10034	金蜂	29	0	0	0	0	0	0	0	0	0
30	30001	鸠摩智	30	0	0	0	0	0	0	0	0	0
31	30002	慕容复	31	0	0	0	0	0	0	0	0	0
32	30003	段誉	32	0	0	0	0	0	0	0	0	0
33	30004	虚竹	33	0	0	0	0	0	0	0	0	0
34	30005	乔峰	34	0	0	0	0	0	0	0	0	0
35	30006	天山童姥	35	0	0	0	0	0	0	0	0	0
36	30007	郭靖	36	0	0	0	0	0	0	0	0	0
37	30008	黄蓉	37	0	0	0	0	0	0	0	0	0
38	30009	洪七公	38	0	0	0	0	0	0	0	0	0
39	30010	黄药师	39	0	0	0	0	0	0	0	0	0
40	30011	欧阳锋	40	0	0	0	0	0	0	0	0	0
41	30012	一灯大师	41	0	0	0	0	0	0	0	0	0
42	30013	老顽童	42	0	0	0	0	0	0	0	0	0
43	30014	扫地神僧	43	0	0	0	0	0	0	0	0	0
44	30015	杨过	44	0	0	0	0	0	0	0	0	0
45	30016	金轮法王	45	0	0	0	0	0	0	0	0	0
46	30016	张无忌	46	0	0	0	0	0	0	0	0	0
47	30016	周芷若	47	0	0	0	0	0	0	0	0	0
48	30016	令狐冲	48	0	0	0	0	0	0	0	0	0
49	30020	（正君子）岳不群	49	0	0	0	0	0	0	0	0	0
50	30021	（辟邪剑）岳不群	50	0	0	0	0	0	0	0	0	0
51	30021	任我行	51	0	0	0	0	0	0	0	0	0
52	30023	东方不败	52	0	0	0	0	0	0	0	0	0
53	30024	左冷禅	53	0	0	0	0	0	0	0	0	0
54	30024	傅红雪	54	0	0	0	0	0	0	0	0	0
55	30024	李寻欢	55	0	0	0	0	0	0	0	0	0
56	30024	楚留香	56	0	0	0	0	0	0	0	0	0
57	30024	白发魔女	57	0	0	0	0	0	0	0	0	0
58	30024	西门吹雪	58	0	0	0	0	0	0	0	0	0
59	30024	独孤求败	59	0	0	0	0	0	0	0	0	0
60	30024	黄裳	60	0	0	0	0	0	0	0	0	0
61	30024	达摩	61	0	0	0	0	0	0	0	0	0
62	30024	王重阳	62	0	0	0	0	0	0	0	0	0
63	30034	向雨田	63	0	0	0	0	0	0	0	0	0
64	30024	萧远山（萧峰之父）	64	0	0	0	0	0	0	0	0	0
65	30024	慕容博（慕容复之父）	65	0	0	0	0	0	0	0	0	0
66	20001	叶二娘	66	0	0	0	0	0	0	0	0	0
67	20002	岳老二	67	0	0	0	0	0	0	0	0	0
68	20003	云中鹤	68	0	0	0	0	0	0	0	0	0
69	20004	段延庆	69	0	0	0	0	0	0	0	0	0
70	20005	丁春秋	70	0	0	0	0	0	0	0	0	0
71	20006	梅超风	71	0	0	0	0	0	0	0	0	0
72	20007	金毛狮王	72	0	0	0	0	0	0	0	0	0
73	20008	紫衫龙王（黛绮丝）	73	0	0	0	0	0	0	0	0	0
74	20009	林平之	74	0	0	0	0	0	0	0	0	0
75	20009	白眉鹰王	75	0	0	0	0	0	0	0	0	0
76	20009	青翼蝠王	76	0	0	0	0	0	0	0	0	0
77	20009	鹿杖客	77	0	0	0	0	0	0	0	0	0
78	20009	鹤笔翁	78	0	0	0	0	0	0	0	0	0
79	20014	司空玄（神农帮帮主）	79	0	0	0	0	0	0	0	0	0
80	20015	木婉清（小师妹）	80	0	0	0	0	0	0	0	0	0
81	20016	蜂婆婆（架空人物）	81	0	0	0	0	0	0	0	0	0
82	20017	包不同（金风庄庄主）	82	0	0	0	0	0	0	0	0	0
