服务器输出文件名	config_offline_exp.xml	根名称	ability	
客户端输出文件名	config_offline_exp.xml	项名称	offline_exp_open	
角色等级	可获得的经验	限制获得经验时间	宠物获取奖励物品	宠物获取的数量
3	3	3	3	3
level	get_exp	limit_time	pet_item_id	pet_item_num
1	0	28800	220710001	0
2	0	28800	220710001	0
3	0	28800	220710001	0
4	0	28800	220710001	0
5	0	28800	220710001	0
6	0	28800	220710001	0
7	0	28800	220710001	0
8	0	28800	220710001	0
9	0	28800	220710001	0
10	0	28800	220710001	0
11	0	28800	220710001	0
12	0	28800	220710001	0
13	1	28800	220710001	1
14	1	28800	220710001	1
15	1	28800	220710001	1
16	1	28800	220710001	1
17	2	28800	220710001	1
18	2	28800	220710001	1
19	2	28800	220710001	1
20	3	28800	220710001	1
21	3	28800	220710001	1
22	4	28800	220710001	1
23	5	28800	220710001	1
24	5	28800	220710001	1
25	6	28800	220710001	1
26	7	28800	220710001	1
27	8	28800	220710001	1
28	9	28800	220710001	1
29	10	28800	220710001	1
30	12	28800	220710001	1
31	14	28800	220710001	1
32	16	28800	220710001	1
33	17	28800	220710001	1
34	19	28800	220710001	1
35	21	28800	220710001	1
36	23	28800	220710001	1
37	25	28800	220710001	1
38	27	28800	220710001	1
39	30	28800	220710001	1
40	33	28800	220710001	1
41	35	28800	220710001	1
42	38	28800	220710001	1
43	42	28800	220710001	1
44	45	28800	220710001	1
45	48	28800	220710001	1
46	52	28800	220710001	1
47	56	28800	220710001	1
48	60	28800	220710001	1
49	65	28800	220710001	1
50	69	28800	220710001	1
51	74	28800	220710001	1
52	79	28800	220710001	1
53	84	28800	220710001	1
54	90	28800	220710001	1
55	96	28800	220710001	1
56	102	28800	220710001	1
57	108	28800	220710001	1
58	115	28800	220710001	1
59	122	28800	220710001	1
60	129	28800	220710001	1
61	136	28800	220710001	1
62	144	28800	220710001	1
63	152	28800	220710001	1
64	161	28800	220710001	1
65	170	28800	220710001	1
66	179	28800	220710001	1
67	188	28800	220710001	1
68	198	28800	220710001	1
69	209	28800	220710001	1
70	219	28800	220710001	1
71	233	28800	220710001	1
72	244	28800	220710001	1
73	256	28800	220710001	1
74	268	28800	220710001	1
75	281	28800	220710001	1
76	294	28800	220710001	1
77	307	28800	220710001	1
78	321	28800	220710001	1
79	336	28800	220710001	1
80	351	28800	220710001	1
81	366	28800	220710001	1
82	382	28800	220710001	1
83	398	28800	220710001	1
84	415	28800	220710001	1
85	432	28800	220710001	1
86	450	28800	220710001	1
87	468	28800	220710001	1
88	487	28800	220710001	1
89	507	28800	220710001	1
90	527	28800	220710001	1
91	547	28800	220710001	1
92	568	28800	220710001	1
93	590	28800	220710001	1
94	612	28800	220710001	1
95	635	28800	220710001	1
96	658	28800	220710001	1
97	682	28800	220710001	1
98	707	28800	220710001	1
99	733	28800	220710001	1
100	759	28800	220710001	1
101	785	28800	220710001	2
102	812	28800	220710001	2
103	840	28800	220710001	2
104	869	28800	220710001	2
105	898	28800	220710001	2
106	928	28800	220710001	2
107	959	28800	220710001	2
108	991	28800	220710001	2
109	1023	28800	220710001	2
110	1056	28800	220710001	2
111	1090	28800	220710001	2
112	1124	28800	220710001	2
113	1159	28800	220710001	2
114	1196	28800	220710001	2
115	1232	28800	220710001	2
116	1270	28800	220710001	2
117	1309	28800	220710001	2
118	1348	28800	220710001	2
119	1388	28800	220710001	2
120	1429	28800	220710001	2
121	1471	28800	220710001	2
122	1514	28800	220710001	2
123	1557	28800	220710001	2
124	1602	28800	220710001	2
125	1647	28800	220710001	2
126	1694	28800	220710001	2
127	1741	28800	220710001	2
128	1789	28800	220710001	2
129	1838	28800	220710001	2
130	1888	28800	220710001	2
131	1939	28800	220710002	2
132	1991	28800	220710002	2
133	2045	28800	220710002	2
134	2099	28800	220710002	2
135	2154	28800	220710002	2
136	2210	28800	220710002	2
137	2267	28800	220710002	2
138	2325	28800	220710002	2
139	2384	28800	220710002	2
140	2445	28800	220710002	2
141	2506	28800	220710002	2
142	2569	28800	220710002	2
143	2632	28800	220710002	2
144	2697	28800	220710002	2
145	2763	28800	220710002	2
146	2830	28800	220710002	2
147	2898	28800	220710002	2
148	2967	28800	220710002	2
149	3038	28800	220710002	2
150	3110	28800	220710002	3
151	3183	28800	220710002	3
152	3257	28800	220710002	3
153	3332	28800	220710002	3
154	3409	28800	220710002	3
155	3487	28800	220710002	3
156	3566	28800	220710002	3
157	3646	28800	220710002	3
158	3728	28800	220710002	3
159	3811	28800	220710002	3
160	3895	28800	220710002	3
161	3981	28800	220710002	3
162	4068	28800	220710002	3
163	4156	28800	220710002	3
164	4246	28800	220710002	3
165	4337	28800	220710002	3
166	4429	28800	220710002	3
167	4523	28800	220710002	3
168	4618	28800	220710002	3
169	4715	28800	220710002	3
170	4813	28800	220710002	3
171	4912	28800	220710002	3
172	5014	28800	220710002	3
173	5116	28800	220710002	3
174	5220	28800	220710002	3
175	5326	28800	220710002	3
176	5433	28800	220710002	3
177	5541	28800	220710002	3
178	5651	28800	220710002	3
179	5763	28800	220710002	3
180	5876	28800	220710002	3
181	5991	28800	220710002	3
182	6107	28800	220710002	3
183	6225	28800	220710002	3
184	6345	28800	220710002	3
185	6466	28800	220710002	3
186	6589	28800	220710002	3
187	6714	28800	220710002	3
188	6840	28800	220710002	3
189	6968	28800	220710002	3
190	7097	28800	220710002	3
191	7229	28800	220710002	3
192	7362	28800	220710002	3
193	7497	28800	220710002	3
194	7633	28800	220710002	3
195	7772	28800	220710002	3
196	7912	28800	220710002	3
197	8054	28800	220710002	3
198	8198	28800	220710002	3
199	8343	28800	220710002	3
200	8490	28800	220710002	3
