服务器输出文件名	config_skill_level.xml	根名称	ability															
客户端输出文件名	config_skill_level.xml	项名称	skill_level															
uint16序列ID	uint8技能ID	uint8技能等级	uint16升级所需要角色等级	uint32升级所需金币	uint16升级所需技能点	uint32触发所需要的怒气	技能触发概率	效果0加成	持续时间	技能触发概率	效果1加成（千分之几）	持续时间	技能触发概率	效果2加成（千分之几）	持续时间	技能触发概率	效果3加成（千分之几）	持续时间
3	3	3	3	3	3	3	3	3	3	3	3	3	3	3	3	3	3	3
skill_idx_level	skill_idx	level	up_need_level	up_need_gold	up_need_point	trigger_anger	effect_rate_0	effect_value_0	effect_time_0	effect_rate_1	effect_value_1	effect_time_1	effect_rate_2	effect_value_2	effect_time_2	effect_rate_3	effect_value_3	effect_time_3
101	1	1	1	100	50	10	100	100	0	0	0	0	0	0	0	0	0	0
102	1	2	5	200	100	10	100	110	0	0	0	0	0	0	0	0	0	0
103	1	3	10	300	150	10	100	120	0	0	0	0	0	0	0	0	0	0
104	1	4	15	400	200	10	100	130	0	0	0	0	0	0	0	0	0	0
105	1	5	20	500	250	10	100	140	0	0	0	0	0	0	0	0	0	0
106	1	6	25	600	300	10	100	150	0	0	0	0	0	0	0	0	0	0
107	1	7	30	700	350	10	100	160	0	0	0	0	0	0	0	0	0	0
108	1	8	35	800	400	10	100	170	0	0	0	0	0	0	0	0	0	0
109	1	9	40	900	450	10	100	180	0	0	0	0	0	0	0	0	0	0
110	1	10	45	1000	500	10	100	190	0	0	0	0	0	0	0	0	0	0
111	1	11	50	1100	550	10	100	200	0	0	0	0	0	0	0	0	0	0
112	1	12	55	1200	600	10	100	210	0	0	0	0	0	0	0	0	0	0
113	1	13	60	1300	650	10	100	220	0	0	0	0	0	0	0	0	0	0
114	1	14	65	1400	700	10	100	230	0	0	0	0	0	0	0	0	0	0
115	1	15	70	1500	750	10	100	240	0	0	0	0	0	0	0	0	0	0
116	1	16	75	1600	800	10	100	250	0	0	0	0	0	0	0	0	0	0
117	1	17	80	1700	850	10	100	260	0	0	0	0	0	0	0	0	0	0
118	1	18	85	1800	900	10	100	270	0	0	0	0	0	0	0	0	0	0
119	1	19	90	1900	950	10	100	280	0	0	0	0	0	0	0	0	0	0
120	1	20	95	2000	1000	10	100	290	0	0	0	0	0	0	0	0	0	0
201	2	1	1	100	50	10	100	100	0	0	0	0	0	0	0	0	0	0
202	2	2	5	200	100	10	100	110	0	0	0	0	0	0	0	0	0	0
203	2	3	10	300	150	10	100	120	0	0	0	0	0	0	0	0	0	0
204	2	4	15	400	200	10	100	130	0	0	0	0	0	0	0	0	0	0
205	2	5	20	500	250	10	100	140	0	0	0	0	0	0	0	0	0	0
206	2	6	25	600	300	10	100	150	0	0	0	0	0	0	0	0	0	0
207	2	7	30	700	350	10	100	160	0	0	0	0	0	0	0	0	0	0
208	2	8	35	800	400	10	100	170	0	0	0	0	0	0	0	0	0	0
209	2	9	40	900	450	10	100	180	0	0	0	0	0	0	0	0	0	0
210	2	10	45	1000	500	10	100	190	0	0	0	0	0	0	0	0	0	0
211	2	11	50	1100	550	10	100	200	0	0	0	0	0	0	0	0	0	0
212	2	12	55	1200	600	10	100	210	0	0	0	0	0	0	0	0	0	0
213	2	13	60	1300	650	10	100	220	0	0	0	0	0	0	0	0	0	0
214	2	14	65	1400	700	10	100	230	0	0	0	0	0	0	0	0	0	0
215	2	15	70	1500	750	10	100	240	0	0	0	0	0	0	0	0	0	0
216	2	16	75	1600	800	10	100	250	0	0	0	0	0	0	0	0	0	0
217	2	17	80	1700	850	10	100	260	0	0	0	0	0	0	0	0	0	0
218	2	18	85	1800	900	10	100	270	0	0	0	0	0	0	0	0	0	0
219	2	19	90	1900	950	10	100	280	0	0	0	0	0	0	0	0	0	0
220	2	20	95	2000	1000	10	100	290	0	0	0	0	0	0	0	0	0	0
301	3	1	1	100	50	10	100	100	0	0	0	0	0	0	0	0	0	0
302	3	2	5	200	100	10	100	110	0	0	0	0	0	0	0	0	0	0
303	3	3	10	300	150	10	100	120	0	0	0	0	0	0	0	0	0	0
304	3	4	15	400	200	10	100	130	0	0	0	0	0	0	0	0	0	0
305	3	5	20	500	250	10	100	140	0	0	0	0	0	0	0	0	0	0
306	3	6	25	600	300	10	100	150	0	0	0	0	0	0	0	0	0	0
307	3	7	30	700	350	10	100	160	0	0	0	0	0	0	0	0	0	0
308	3	8	35	800	400	10	100	170	0	0	0	0	0	0	0	0	0	0
309	3	9	40	900	450	10	100	180	0	0	0	0	0	0	0	0	0	0
310	3	10	45	1000	500	10	100	190	0	0	0	0	0	0	0	0	0	0
311	3	11	50	1100	550	10	100	200	0	0	0	0	0	0	0	0	0	0
312	3	12	55	1200	600	10	100	210	0	0	0	0	0	0	0	0	0	0
313	3	13	60	1300	650	10	100	220	0	0	0	0	0	0	0	0	0	0
314	3	14	65	1400	700	10	100	230	0	0	0	0	0	0	0	0	0	0
315	3	15	70	1500	750	10	100	240	0	0	0	0	0	0	0	0	0	0
316	3	16	75	1600	800	10	100	250	0	0	0	0	0	0	0	0	0	0
317	3	17	80	1700	850	10	100	260	0	0	0	0	0	0	0	0	0	0
318	3	18	85	1800	900	10	100	270	0	0	0	0	0	0	0	0	0	0
319	3	19	90	1900	950	10	100	280	0	0	0	0	0	0	0	0	0	0
320	3	20	95	2000	1000	10	100	290	0	0	0	0	0	0	0	0	0	0
401	4	1	1	100	50	10	100	100	0	0	0	0	0	0	0	0	0	0
402	4	2	5	200	100	10	100	110	0	0	0	0	0	0	0	0	0	0
403	4	3	10	300	150	10	100	120	0	0	0	0	0	0	0	0	0	0
404	4	4	15	400	200	10	100	130	0	0	0	0	0	0	0	0	0	0
405	4	5	20	500	250	10	100	140	0	0	0	0	0	0	0	0	0	0
406	4	6	25	600	300	10	100	150	0	0	0	0	0	0	0	0	0	0
407	4	7	30	700	350	10	100	160	0	0	0	0	0	0	0	0	0	0
408	4	8	35	800	400	10	100	170	0	0	0	0	0	0	0	0	0	0
409	4	9	40	900	450	10	100	180	0	0	0	0	0	0	0	0	0	0
410	4	10	45	1000	500	10	100	190	0	0	0	0	0	0	0	0	0	0
411	4	11	50	1100	550	10	100	200	0	0	0	0	0	0	0	0	0	0
412	4	12	55	1200	600	10	100	210	0	0	0	0	0	0	0	0	0	0
413	4	13	60	1300	650	10	100	220	0	0	0	0	0	0	0	0	0	0
414	4	14	65	1400	700	10	100	230	0	0	0	0	0	0	0	0	0	0
415	4	15	70	1500	750	10	100	240	0	0	0	0	0	0	0	0	0	0
416	4	16	75	1600	800	10	100	250	0	0	0	0	0	0	0	0	0	0
417	4	17	80	1700	850	10	100	260	0	0	0	0	0	0	0	0	0	0
418	4	18	85	1800	900	10	100	270	0	0	0	0	0	0	0	0	0	0
419	4	19	90	1900	950	10	100	280	0	0	0	0	0	0	0	0	0	0
420	4	20	95	2000	1000	10	100	290	0	0	0	0	0	0	0	0	0	0
501	5	1	1	100	50	10	100	100	0	0	0	0	0	0	0	0	0	0
502	5	2	5	200	100	10	100	110	0	0	0	0	0	0	0	0	0	0
503	5	3	10	300	150	10	100	120	0	0	0	0	0	0	0	0	0	0
504	5	4	15	400	200	10	100	130	0	0	0	0	0	0	0	0	0	0
505	5	5	20	500	250	10	100	140	0	0	0	0	0	0	0	0	0	0
506	5	6	25	600	300	10	100	150	0	0	0	0	0	0	0	0	0	0
507	5	7	30	700	350	10	100	160	0	0	0	0	0	0	0	0	0	0
508	5	8	35	800	400	10	100	170	0	0	0	0	0	0	0	0	0	0
509	5	9	40	900	450	10	100	180	0	0	0	0	0	0	0	0	0	0
510	5	10	45	1000	500	10	100	190	0	0	0	0	0	0	0	0	0	0
511	5	11	50	1100	550	10	100	200	0	0	0	0	0	0	0	0	0	0
512	5	12	55	1200	600	10	100	210	0	0	0	0	0	0	0	0	0	0
513	5	13	60	1300	650	10	100	220	0	0	0	0	0	0	0	0	0	0
514	5	14	65	1400	700	10	100	230	0	0	0	0	0	0	0	0	0	0
515	5	15	70	1500	750	10	100	240	0	0	0	0	0	0	0	0	0	0
516	5	16	75	1600	800	10	100	250	0	0	0	0	0	0	0	0	0	0
517	5	17	80	1700	850	10	100	260	0	0	0	0	0	0	0	0	0	0
518	5	18	85	1800	900	10	100	270	0	0	0	0	0	0	0	0	0	0
519	5	19	90	1900	950	10	100	280	0	0	0	0	0	0	0	0	0	0
520	5	20	95	2000	1000	10	100	290	0	0	0	0	0	0	0	0	0	0
601	6	1	1	100	50	10	100	100	0	0	0	0	0	0	0	0	0	0
602	6	2	5	200	100	10	100	110	0	0	0	0	0	0	0	0	0	0
603	6	3	10	300	150	10	100	120	0	0	0	0	0	0	0	0	0	0
604	6	4	15	400	200	10	100	130	0	0	0	0	0	0	0	0	0	0
605	6	5	20	500	250	10	100	140	0	0	0	0	0	0	0	0	0	0
606	6	6	25	600	300	10	100	150	0	0	0	0	0	0	0	0	0	0
607	6	7	30	700	350	10	100	160	0	0	0	0	0	0	0	0	0	0
608	6	8	35	800	400	10	100	170	0	0	0	0	0	0	0	0	0	0
609	6	9	40	900	450	10	100	180	0	0	0	0	0	0	0	0	0	0
610	6	10	45	1000	500	10	100	190	0	0	0	0	0	0	0	0	0	0
611	6	11	50	1100	550	10	100	200	0	0	0	0	0	0	0	0	0	0
612	6	12	55	1200	600	10	100	210	0	0	0	0	0	0	0	0	0	0
613	6	13	60	1300	650	10	100	220	0	0	0	0	0	0	0	0	0	0
614	6	14	65	1400	700	10	100	230	0	0	0	0	0	0	0	0	0	0
615	6	15	70	1500	750	10	100	240	0	0	0	0	0	0	0	0	0	0
616	6	16	75	1600	800	10	100	250	0	0	0	0	0	0	0	0	0	0
617	6	17	80	1700	850	10	100	260	0	0	0	0	0	0	0	0	0	0
618	6	18	85	1800	900	10	100	270	0	0	0	0	0	0	0	0	0	0
619	6	19	90	1900	950	10	100	280	0	0	0	0	0	0	0	0	0	0
620	6	20	95	2000	1000	10	100	290	0	0	0	0	0	0	0	0	0	0
701	7	1	1	100	50	10	100	100	0	0	0	0	0	0	0	0	0	0
702	7	2	5	200	100	10	100	110	0	0	0	0	0	0	0	0	0	0
703	7	3	10	300	150	10	100	120	0	0	0	0	0	0	0	0	0	0
704	7	4	15	400	200	10	100	130	0	0	0	0	0	0	0	0	0	0
705	7	5	20	500	250	10	100	140	0	0	0	0	0	0	0	0	0	0
706	7	6	25	600	300	10	100	150	0	0	0	0	0	0	0	0	0	0
707	7	7	30	700	350	10	100	160	0	0	0	0	0	0	0	0	0	0
708	7	8	35	800	400	10	100	170	0	0	0	0	0	0	0	0	0	0
709	7	9	40	900	450	10	100	180	0	0	0	0	0	0	0	0	0	0
710	7	10	45	1000	500	10	100	190	0	0	0	0	0	0	0	0	0	0
711	7	11	50	1100	550	10	100	200	0	0	0	0	0	0	0	0	0	0
712	7	12	55	1200	600	10	100	210	0	0	0	0	0	0	0	0	0	0
713	7	13	60	1300	650	10	100	220	0	0	0	0	0	0	0	0	0	0
714	7	14	65	1400	700	10	100	230	0	0	0	0	0	0	0	0	0	0
715	7	15	70	1500	750	10	100	240	0	0	0	0	0	0	0	0	0	0
716	7	16	75	1600	800	10	100	250	0	0	0	0	0	0	0	0	0	0
717	7	17	80	1700	850	10	100	260	0	0	0	0	0	0	0	0	0	0
718	7	18	85	1800	900	10	100	270	0	0	0	0	0	0	0	0	0	0
719	7	19	90	1900	950	10	100	280	0	0	0	0	0	0	0	0	0	0
720	7	20	95	2000	1000	10	100	290	0	0	0	0	0	0	0	0	0	0
801	8	1	1	100	50	10	100	100	0	0	0	0	0	0	0	0	0	0
802	8	2	5	200	100	10	100	110	0	0	0	0	0	0	0	0	0	0
803	8	3	10	300	150	10	100	120	0	0	0	0	0	0	0	0	0	0
804	8	4	15	400	200	10	100	130	0	0	0	0	0	0	0	0	0	0
805	8	5	20	500	250	10	100	140	0	0	0	0	0	0	0	0	0	0
806	8	6	25	600	300	10	100	150	0	0	0	0	0	0	0	0	0	0
807	8	7	30	700	350	10	100	160	0	0	0	0	0	0	0	0	0	0
808	8	8	35	800	400	10	100	170	0	0	0	0	0	0	0	0	0	0
809	8	9	40	900	450	10	100	180	0	0	0	0	0	0	0	0	0	0
810	8	10	45	1000	500	10	100	190	0	0	0	0	0	0	0	0	0	0
811	8	11	50	1100	550	10	100	200	0	0	0	0	0	0	0	0	0	0
812	8	12	55	1200	600	10	100	210	0	0	0	0	0	0	0	0	0	0
813	8	13	60	1300	650	10	100	220	0	0	0	0	0	0	0	0	0	0
814	8	14	65	1400	700	10	100	230	0	0	0	0	0	0	0	0	0	0
815	8	15	70	1500	750	10	100	240	0	0	0	0	0	0	0	0	0	0
816	8	16	75	1600	800	10	100	250	0	0	0	0	0	0	0	0	0	0
817	8	17	80	1700	850	10	100	260	0	0	0	0	0	0	0	0	0	0
818	8	18	85	1800	900	10	100	270	0	0	0	0	0	0	0	0	0	0
819	8	19	90	1900	950	10	100	280	0	0	0	0	0	0	0	0	0	0
820	8	20	95	2000	1000	10	100	290	0	0	0	0	0	0	0	0	0	0
901	9	1	1	100	50	10	100	100	0	0	0	0	0	0	0	0	0	0
902	9	2	5	200	100	10	100	110	0	0	0	0	0	0	0	0	0	0
903	9	3	10	300	150	10	100	120	0	0	0	0	0	0	0	0	0	0
904	9	4	15	400	200	10	100	130	0	0	0	0	0	0	0	0	0	0
905	9	5	20	500	250	10	100	140	0	0	0	0	0	0	0	0	0	0
906	9	6	25	600	300	10	100	150	0	0	0	0	0	0	0	0	0	0
907	9	7	30	700	350	10	100	160	0	0	0	0	0	0	0	0	0	0
908	9	8	35	800	400	10	100	170	0	0	0	0	0	0	0	0	0	0
909	9	9	40	900	450	10	100	180	0	0	0	0	0	0	0	0	0	0
910	9	10	45	1000	500	10	100	190	0	0	0	0	0	0	0	0	0	0
911	9	11	50	1100	550	10	100	200	0	0	0	0	0	0	0	0	0	0
912	9	12	55	1200	600	10	100	210	0	0	0	0	0	0	0	0	0	0
913	9	13	60	1300	650	10	100	220	0	0	0	0	0	0	0	0	0	0
914	9	14	65	1400	700	10	100	230	0	0	0	0	0	0	0	0	0	0
915	9	15	70	1500	750	10	100	240	0	0	0	0	0	0	0	0	0	0
916	9	16	75	1600	800	10	100	250	0	0	0	0	0	0	0	0	0	0
917	9	17	80	1700	850	10	100	260	0	0	0	0	0	0	0	0	0	0
918	9	18	85	1800	900	10	100	270	0	0	0	0	0	0	0	0	0	0
919	9	19	90	1900	950	10	100	280	0	0	0	0	0	0	0	0	0	0
920	9	20	95	2000	1000	10	100	290	0	0	0	0	0	0	0	0	0	0
1001	10	1	1	100	50	10	100	100	0	0	0	0	0	0	0	0	0	0
1002	10	2	5	200	100	10	100	110	0	0	0	0	0	0	0	0	0	0
1003	10	3	10	300	150	10	100	120	0	0	0	0	0	0	0	0	0	0
1004	10	4	15	400	200	10	100	130	0	0	0	0	0	0	0	0	0	0
1005	10	5	20	500	250	10	100	140	0	0	0	0	0	0	0	0	0	0
1006	10	6	25	600	300	10	100	150	0	0	0	0	0	0	0	0	0	0
1007	10	7	30	700	350	10	100	160	0	0	0	0	0	0	0	0	0	0
1008	10	8	35	800	400	10	100	170	0	0	0	0	0	0	0	0	0	0
1009	10	9	40	900	450	10	100	180	0	0	0	0	0	0	0	0	0	0
1010	10	10	45	1000	500	10	100	190	0	0	0	0	0	0	0	0	0	0
1011	10	11	50	1100	550	10	100	200	0	0	0	0	0	0	0	0	0	0
1012	10	12	55	1200	600	10	100	210	0	0	0	0	0	0	0	0	0	0
1013	10	13	60	1300	650	10	100	220	0	0	0	0	0	0	0	0	0	0
1014	10	14	65	1400	700	10	100	230	0	0	0	0	0	0	0	0	0	0
1015	10	15	70	1500	750	10	100	240	0	0	0	0	0	0	0	0	0	0
1016	10	16	75	1600	800	10	100	250	0	0	0	0	0	0	0	0	0	0
1017	10	17	80	1700	850	10	100	260	0	0	0	0	0	0	0	0	0	0
1018	10	18	85	1800	900	10	100	270	0	0	0	0	0	0	0	0	0	0
1019	10	19	90	1900	950	10	100	280	0	0	0	0	0	0	0	0	0	0
1020	10	20	95	2000	1000	10	100	290	0	0	0	0	0	0	0	0	0	0
1101	11	1	1	100	50	10	100	100	0	0	0	0	0	0	0	0	0	0
1102	11	2	5	200	100	10	100	110	0	0	0	0	0	0	0	0	0	0
1103	11	3	10	300	150	10	100	120	0	0	0	0	0	0	0	0	0	0
1104	11	4	15	400	200	10	100	130	0	0	0	0	0	0	0	0	0	0
1105	11	5	20	500	250	10	100	140	0	0	0	0	0	0	0	0	0	0
1106	11	6	25	600	300	10	100	150	0	0	0	0	0	0	0	0	0	0
1107	11	7	30	700	350	10	100	160	0	0	0	0	0	0	0	0	0	0
1108	11	8	35	800	400	10	100	170	0	0	0	0	0	0	0	0	0	0
1109	11	9	40	900	450	10	100	180	0	0	0	0	0	0	0	0	0	0
1110	11	10	45	1000	500	10	100	190	0	0	0	0	0	0	0	0	0	0
1111	11	11	50	1100	550	10	100	200	0	0	0	0	0	0	0	0	0	0
1112	11	12	55	1200	600	10	100	210	0	0	0	0	0	0	0	0	0	0
1113	11	13	60	1300	650	10	100	220	0	0	0	0	0	0	0	0	0	0
1114	11	14	65	1400	700	10	100	230	0	0	0	0	0	0	0	0	0	0
1115	11	15	70	1500	750	10	100	240	0	0	0	0	0	0	0	0	0	0
1116	11	16	75	1600	800	10	100	250	0	0	0	0	0	0	0	0	0	0
1117	11	17	80	1700	850	10	100	260	0	0	0	0	0	0	0	0	0	0
1118	11	18	85	1800	900	10	100	270	0	0	0	0	0	0	0	0	0	0
1119	11	19	90	1900	950	10	100	280	0	0	0	0	0	0	0	0	0	0
1120	11	20	95	2000	1000	10	100	290	0	0	0	0	0	0	0	0	0	0
1201	12	1	1	100	50	10	100	100	0	0	0	0	0	0	0	0	0	0
1202	12	2	5	200	100	10	100	110	0	0	0	0	0	0	0	0	0	0
1203	12	3	10	300	150	10	100	120	0	0	0	0	0	0	0	0	0	0
1204	12	4	15	400	200	10	100	130	0	0	0	0	0	0	0	0	0	0
1205	12	5	20	500	250	10	100	140	0	0	0	0	0	0	0	0	0	0
1206	12	6	25	600	300	10	100	150	0	0	0	0	0	0	0	0	0	0
1207	12	7	30	700	350	10	100	160	0	0	0	0	0	0	0	0	0	0
1208	12	8	35	800	400	10	100	170	0	0	0	0	0	0	0	0	0	0
1209	12	9	40	900	450	10	100	180	0	0	0	0	0	0	0	0	0	0
1210	12	10	45	1000	500	10	100	190	0	0	0	0	0	0	0	0	0	0
1211	12	11	50	1100	550	10	100	200	0	0	0	0	0	0	0	0	0	0
1212	12	12	55	1200	600	10	100	210	0	0	0	0	0	0	0	0	0	0
1213	12	13	60	1300	650	10	100	220	0	0	0	0	0	0	0	0	0	0
1214	12	14	65	1400	700	10	100	230	0	0	0	0	0	0	0	0	0	0
1215	12	15	70	1500	750	10	100	240	0	0	0	0	0	0	0	0	0	0
1216	12	16	75	1600	800	10	100	250	0	0	0	0	0	0	0	0	0	0
1217	12	17	80	1700	850	10	100	260	0	0	0	0	0	0	0	0	0	0
1218	12	18	85	1800	900	10	100	270	0	0	0	0	0	0	0	0	0	0
1219	12	19	90	1900	950	10	100	280	0	0	0	0	0	0	0	0	0	0
1220	12	20	95	2000	1000	10	100	290	0	0	0	0	0	0	0	0	0	0
1301	13	1	1	100	50	10	100	100	0	0	0	0	0	0	0	0	0	0
1302	13	2	5	200	100	10	100	110	0	0	0	0	0	0	0	0	0	0
1303	13	3	10	300	150	10	100	120	0	0	0	0	0	0	0	0	0	0
1304	13	4	15	400	200	10	100	130	0	0	0	0	0	0	0	0	0	0
1305	13	5	20	500	250	10	100	140	0	0	0	0	0	0	0	0	0	0
1306	13	6	25	600	300	10	100	150	0	0	0	0	0	0	0	0	0	0
1307	13	7	30	700	350	10	100	160	0	0	0	0	0	0	0	0	0	0
1308	13	8	35	800	400	10	100	170	0	0	0	0	0	0	0	0	0	0
1309	13	9	40	900	450	10	100	180	0	0	0	0	0	0	0	0	0	0
1310	13	10	45	1000	500	10	100	190	0	0	0	0	0	0	0	0	0	0
1311	13	11	50	1100	550	10	100	200	0	0	0	0	0	0	0	0	0	0
1312	13	12	55	1200	600	10	100	210	0	0	0	0	0	0	0	0	0	0
1313	13	13	60	1300	650	10	100	220	0	0	0	0	0	0	0	0	0	0
1314	13	14	65	1400	700	10	100	230	0	0	0	0	0	0	0	0	0	0
1315	13	15	70	1500	750	10	100	240	0	0	0	0	0	0	0	0	0	0
1316	13	16	75	1600	800	10	100	250	0	0	0	0	0	0	0	0	0	0
1317	13	17	80	1700	850	10	100	260	0	0	0	0	0	0	0	0	0	0
1318	13	18	85	1800	900	10	100	270	0	0	0	0	0	0	0	0	0	0
1319	13	19	90	1900	950	10	100	280	0	0	0	0	0	0	0	0	0	0
1320	13	20	95	2000	1000	10	100	290	0	0	0	0	0	0	0	0	0	0
1401	14	1	1	100	50	10	100	100	0	0	0	0	0	0	0	0	0	0
1402	14	2	5	200	100	10	100	110	0	0	0	0	0	0	0	0	0	0
1403	14	3	10	300	150	10	100	120	0	0	0	0	0	0	0	0	0	0
1404	14	4	15	400	200	10	100	130	0	0	0	0	0	0	0	0	0	0
1405	14	5	20	500	250	10	100	140	0	0	0	0	0	0	0	0	0	0
1406	14	6	25	600	300	10	100	150	0	0	0	0	0	0	0	0	0	0
1407	14	7	30	700	350	10	100	160	0	0	0	0	0	0	0	0	0	0
1408	14	8	35	800	400	10	100	170	0	0	0	0	0	0	0	0	0	0
1409	14	9	40	900	450	10	100	180	0	0	0	0	0	0	0	0	0	0
1410	14	10	45	1000	500	10	100	190	0	0	0	0	0	0	0	0	0	0
1411	14	11	50	1100	550	10	100	200	0	0	0	0	0	0	0	0	0	0
1412	14	12	55	1200	600	10	100	210	0	0	0	0	0	0	0	0	0	0
1413	14	13	60	1300	650	10	100	220	0	0	0	0	0	0	0	0	0	0
1414	14	14	65	1400	700	10	100	230	0	0	0	0	0	0	0	0	0	0
1415	14	15	70	1500	750	10	100	240	0	0	0	0	0	0	0	0	0	0
1416	14	16	75	1600	800	10	100	250	0	0	0	0	0	0	0	0	0	0
1417	14	17	80	1700	850	10	100	260	0	0	0	0	0	0	0	0	0	0
1418	14	18	85	1800	900	10	100	270	0	0	0	0	0	0	0	0	0	0
1419	14	19	90	1900	950	10	100	280	0	0	0	0	0	0	0	0	0	0
1420	14	20	95	2000	1000	10	100	290	0	0	0	0	0	0	0	0	0	0
1501	15	1	1	100	50	10	100	100	0	0	0	0	0	0	0	0	0	0
1502	15	2	5	200	100	10	100	110	0	0	0	0	0	0	0	0	0	0
1503	15	3	10	300	150	10	100	120	0	0	0	0	0	0	0	0	0	0
1504	15	4	15	400	200	10	100	130	0	0	0	0	0	0	0	0	0	0
1505	15	5	20	500	250	10	100	140	0	0	0	0	0	0	0	0	0	0
1506	15	6	25	600	300	10	100	150	0	0	0	0	0	0	0	0	0	0
1507	15	7	30	700	350	10	100	160	0	0	0	0	0	0	0	0	0	0
1508	15	8	35	800	400	10	100	170	0	0	0	0	0	0	0	0	0	0
1509	15	9	40	900	450	10	100	180	0	0	0	0	0	0	0	0	0	0
1510	15	10	45	1000	500	10	100	190	0	0	0	0	0	0	0	0	0	0
1511	15	11	50	1100	550	10	100	200	0	0	0	0	0	0	0	0	0	0
1512	15	12	55	1200	600	10	100	210	0	0	0	0	0	0	0	0	0	0
1513	15	13	60	1300	650	10	100	220	0	0	0	0	0	0	0	0	0	0
1514	15	14	65	1400	700	10	100	230	0	0	0	0	0	0	0	0	0	0
1515	15	15	70	1500	750	10	100	240	0	0	0	0	0	0	0	0	0	0
1516	15	16	75	1600	800	10	100	250	0	0	0	0	0	0	0	0	0	0
1517	15	17	80	1700	850	10	100	260	0	0	0	0	0	0	0	0	0	0
1518	15	18	85	1800	900	10	100	270	0	0	0	0	0	0	0	0	0	0
1519	15	19	90	1900	950	10	100	280	0	0	0	0	0	0	0	0	0	0
1520	15	20	95	2000	1000	10	100	290	0	0	0	0	0	0	0	0	0	0
1601	16	1	1	100	50	10	100	100	0	0	0	0	0	0	0	0	0	0
1602	16	2	5	200	100	10	100	110	0	0	0	0	0	0	0	0	0	0
1603	16	3	10	300	150	10	100	120	0	0	0	0	0	0	0	0	0	0
1604	16	4	15	400	200	10	100	130	0	0	0	0	0	0	0	0	0	0
1605	16	5	20	500	250	10	100	140	0	0	0	0	0	0	0	0	0	0
1606	16	6	25	600	300	10	100	150	0	0	0	0	0	0	0	0	0	0
1607	16	7	30	700	350	10	100	160	0	0	0	0	0	0	0	0	0	0
1608	16	8	35	800	400	10	100	170	0	0	0	0	0	0	0	0	0	0
1609	16	9	40	900	450	10	100	180	0	0	0	0	0	0	0	0	0	0
1610	16	10	45	1000	500	10	100	190	0	0	0	0	0	0	0	0	0	0
1611	16	11	50	1100	550	10	100	200	0	0	0	0	0	0	0	0	0	0
1612	16	12	55	1200	600	10	100	210	0	0	0	0	0	0	0	0	0	0
1613	16	13	60	1300	650	10	100	220	0	0	0	0	0	0	0	0	0	0
1614	16	14	65	1400	700	10	100	230	0	0	0	0	0	0	0	0	0	0
1615	16	15	70	1500	750	10	100	240	0	0	0	0	0	0	0	0	0	0
1616	16	16	75	1600	800	10	100	250	0	0	0	0	0	0	0	0	0	0
1617	16	17	80	1700	850	10	100	260	0	0	0	0	0	0	0	0	0	0
1618	16	18	85	1800	900	10	100	270	0	0	0	0	0	0	0	0	0	0
1619	16	19	90	1900	950	10	100	280	0	0	0	0	0	0	0	0	0	0
1620	16	20	95	2000	1000	10	100	290	0	0	0	0	0	0	0	0	0	0
1701	17	1	1	100	50	10	100	100	0	0	0	0	0	0	0	0	0	0
1702	17	2	5	200	100	10	100	110	0	0	0	0	0	0	0	0	0	0
1703	17	3	10	300	150	10	100	120	0	0	0	0	0	0	0	0	0	0
1704	17	4	15	400	200	10	100	130	0	0	0	0	0	0	0	0	0	0
1705	17	5	20	500	250	10	100	140	0	0	0	0	0	0	0	0	0	0
1706	17	6	25	600	300	10	100	150	0	0	0	0	0	0	0	0	0	0
1707	17	7	30	700	350	10	100	160	0	0	0	0	0	0	0	0	0	0
1708	17	8	35	800	400	10	100	170	0	0	0	0	0	0	0	0	0	0
1709	17	9	40	900	450	10	100	180	0	0	0	0	0	0	0	0	0	0
1710	17	10	45	1000	500	10	100	190	0	0	0	0	0	0	0	0	0	0
1711	17	11	50	1100	550	10	100	200	0	0	0	0	0	0	0	0	0	0
1712	17	12	55	1200	600	10	100	210	0	0	0	0	0	0	0	0	0	0
1713	17	13	60	1300	650	10	100	220	0	0	0	0	0	0	0	0	0	0
1714	17	14	65	1400	700	10	100	230	0	0	0	0	0	0	0	0	0	0
1715	17	15	70	1500	750	10	100	240	0	0	0	0	0	0	0	0	0	0
1716	17	16	75	1600	800	10	100	250	0	0	0	0	0	0	0	0	0	0
1717	17	17	80	1700	850	10	100	260	0	0	0	0	0	0	0	0	0	0
1718	17	18	85	1800	900	10	100	270	0	0	0	0	0	0	0	0	0	0
1719	17	19	90	1900	950	10	100	280	0	0	0	0	0	0	0	0	0	0
1720	17	20	95	2000	1000	10	100	290	0	0	0	0	0	0	0	0	0	0
1801	18	1	1	100	50	10	100	100	0	0	0	0	0	0	0	0	0	0
1802	18	2	5	200	100	10	100	110	0	0	0	0	0	0	0	0	0	0
1803	18	3	10	300	150	10	100	120	0	0	0	0	0	0	0	0	0	0
1804	18	4	15	400	200	10	100	130	0	0	0	0	0	0	0	0	0	0
1805	18	5	20	500	250	10	100	140	0	0	0	0	0	0	0	0	0	0
1806	18	6	25	600	300	10	100	150	0	0	0	0	0	0	0	0	0	0
1807	18	7	30	700	350	10	100	160	0	0	0	0	0	0	0	0	0	0
1808	18	8	35	800	400	10	100	170	0	0	0	0	0	0	0	0	0	0
1809	18	9	40	900	450	10	100	180	0	0	0	0	0	0	0	0	0	0
1810	18	10	45	1000	500	10	100	190	0	0	0	0	0	0	0	0	0	0
1811	18	11	50	1100	550	10	100	200	0	0	0	0	0	0	0	0	0	0
1812	18	12	55	1200	600	10	100	210	0	0	0	0	0	0	0	0	0	0
1813	18	13	60	1300	650	10	100	220	0	0	0	0	0	0	0	0	0	0
1814	18	14	65	1400	700	10	100	230	0	0	0	0	0	0	0	0	0	0
1815	18	15	70	1500	750	10	100	240	0	0	0	0	0	0	0	0	0	0
1816	18	16	75	1600	800	10	100	250	0	0	0	0	0	0	0	0	0	0
1817	18	17	80	1700	850	10	100	260	0	0	0	0	0	0	0	0	0	0
1818	18	18	85	1800	900	10	100	270	0	0	0	0	0	0	0	0	0	0
1819	18	19	90	1900	950	10	100	280	0	0	0	0	0	0	0	0	0	0
1820	18	20	95	2000	1000	10	100	290	0	0	0	0	0	0	0	0	0	0
1901	19	1	1	100	50	10	100	100	0	0	0	0	0	0	0	0	0	0
1902	19	2	5	200	100	10	100	110	0	0	0	0	0	0	0	0	0	0
1903	19	3	10	300	150	10	100	120	0	0	0	0	0	0	0	0	0	0
1904	19	4	15	400	200	10	100	130	0	0	0	0	0	0	0	0	0	0
1905	19	5	20	500	250	10	100	140	0	0	0	0	0	0	0	0	0	0
1906	19	6	25	600	300	10	100	150	0	0	0	0	0	0	0	0	0	0
1907	19	7	30	700	350	10	100	160	0	0	0	0	0	0	0	0	0	0
1908	19	8	35	800	400	10	100	170	0	0	0	0	0	0	0	0	0	0
1909	19	9	40	900	450	10	100	180	0	0	0	0	0	0	0	0	0	0
1910	19	10	45	1000	500	10	100	190	0	0	0	0	0	0	0	0	0	0
1911	19	11	50	1100	550	10	100	200	0	0	0	0	0	0	0	0	0	0
1912	19	12	55	1200	600	10	100	210	0	0	0	0	0	0	0	0	0	0
1913	19	13	60	1300	650	10	100	220	0	0	0	0	0	0	0	0	0	0
1914	19	14	65	1400	700	10	100	230	0	0	0	0	0	0	0	0	0	0
1915	19	15	70	1500	750	10	100	240	0	0	0	0	0	0	0	0	0	0
1916	19	16	75	1600	800	10	100	250	0	0	0	0	0	0	0	0	0	0
1917	19	17	80	1700	850	10	100	260	0	0	0	0	0	0	0	0	0	0
1918	19	18	85	1800	900	10	100	270	0	0	0	0	0	0	0	0	0	0
1919	19	19	90	1900	950	10	100	280	0	0	0	0	0	0	0	0	0	0
1920	19	20	95	2000	1000	10	100	290	0	0	0	0	0	0	0	0	0	0
2001	20	1	1	100	50	10	100	100	0	0	0	0	0	0	0	0	0	0
2002	20	2	5	200	100	10	100	110	0	0	0	0	0	0	0	0	0	0
2003	20	3	10	300	150	10	100	120	0	0	0	0	0	0	0	0	0	0
2004	20	4	15	400	200	10	100	130	0	0	0	0	0	0	0	0	0	0
2005	20	5	20	500	250	10	100	140	0	0	0	0	0	0	0	0	0	0
2006	20	6	25	600	300	10	100	150	0	0	0	0	0	0	0	0	0	0
2007	20	7	30	700	350	10	100	160	0	0	0	0	0	0	0	0	0	0
2008	20	8	35	800	400	10	100	170	0	0	0	0	0	0	0	0	0	0
2009	20	9	40	900	450	10	100	180	0	0	0	0	0	0	0	0	0	0
2010	20	10	45	1000	500	10	100	190	0	0	0	0	0	0	0	0	0	0
2011	20	11	50	1100	550	10	100	200	0	0	0	0	0	0	0	0	0	0
2012	20	12	55	1200	600	10	100	210	0	0	0	0	0	0	0	0	0	0
2013	20	13	60	1300	650	10	100	220	0	0	0	0	0	0	0	0	0	0
2014	20	14	65	1400	700	10	100	230	0	0	0	0	0	0	0	0	0	0
2015	20	15	70	1500	750	10	100	240	0	0	0	0	0	0	0	0	0	0
2016	20	16	75	1600	800	10	100	250	0	0	0	0	0	0	0	0	0	0
2017	20	17	80	1700	850	10	100	260	0	0	0	0	0	0	0	0	0	0
2018	20	18	85	1800	900	10	100	270	0	0	0	0	0	0	0	0	0	0
2019	20	19	90	1900	950	10	100	280	0	0	0	0	0	0	0	0	0	0
2020	20	20	95	2000	1000	10	100	290	0	0	0	0	0	0	0	0	0	0
2101	21	1	1	100	50	10	100	100	0	0	0	0	0	0	0	0	0	0
2102	21	2	5	200	100	10	100	110	0	0	0	0	0	0	0	0	0	0
2103	21	3	10	300	150	10	100	120	0	0	0	0	0	0	0	0	0	0
2104	21	4	15	400	200	10	100	130	0	0	0	0	0	0	0	0	0	0
2105	21	5	20	500	250	10	100	140	0	0	0	0	0	0	0	0	0	0
2106	21	6	25	600	300	10	100	150	0	0	0	0	0	0	0	0	0	0
2107	21	7	30	700	350	10	100	160	0	0	0	0	0	0	0	0	0	0
2108	21	8	35	800	400	10	100	170	0	0	0	0	0	0	0	0	0	0
2109	21	9	40	900	450	10	100	180	0	0	0	0	0	0	0	0	0	0
2110	21	10	45	1000	500	10	100	190	0	0	0	0	0	0	0	0	0	0
2111	21	11	50	1100	550	10	100	200	0	0	0	0	0	0	0	0	0	0
2112	21	12	55	1200	600	10	100	210	0	0	0	0	0	0	0	0	0	0
2113	21	13	60	1300	650	10	100	220	0	0	0	0	0	0	0	0	0	0
2114	21	14	65	1400	700	10	100	230	0	0	0	0	0	0	0	0	0	0
2115	21	15	70	1500	750	10	100	240	0	0	0	0	0	0	0	0	0	0
2116	21	16	75	1600	800	10	100	250	0	0	0	0	0	0	0	0	0	0
2117	21	17	80	1700	850	10	100	260	0	0	0	0	0	0	0	0	0	0
2118	21	18	85	1800	900	10	100	270	0	0	0	0	0	0	0	0	0	0
2119	21	19	90	1900	950	10	100	280	0	0	0	0	0	0	0	0	0	0
2120	21	20	95	2000	1000	10	100	290	0	0	0	0	0	0	0	0	0	0
2201	22	1	1	100	50	10	100	100	0	0	0	0	0	0	0	0	0	0
2202	22	2	5	200	100	10	100	110	0	0	0	0	0	0	0	0	0	0
2203	22	3	10	300	150	10	100	120	0	0	0	0	0	0	0	0	0	0
2204	22	4	15	400	200	10	100	130	0	0	0	0	0	0	0	0	0	0
2205	22	5	20	500	250	10	100	140	0	0	0	0	0	0	0	0	0	0
2206	22	6	25	600	300	10	100	150	0	0	0	0	0	0	0	0	0	0
2207	22	7	30	700	350	10	100	160	0	0	0	0	0	0	0	0	0	0
2208	22	8	35	800	400	10	100	170	0	0	0	0	0	0	0	0	0	0
2209	22	9	40	900	450	10	100	180	0	0	0	0	0	0	0	0	0	0
2210	22	10	45	1000	500	10	100	190	0	0	0	0	0	0	0	0	0	0
2211	22	11	50	1100	550	10	100	200	0	0	0	0	0	0	0	0	0	0
2212	22	12	55	1200	600	10	100	210	0	0	0	0	0	0	0	0	0	0
2213	22	13	60	1300	650	10	100	220	0	0	0	0	0	0	0	0	0	0
2214	22	14	65	1400	700	10	100	230	0	0	0	0	0	0	0	0	0	0
2215	22	15	70	1500	750	10	100	240	0	0	0	0	0	0	0	0	0	0
2216	22	16	75	1600	800	10	100	250	0	0	0	0	0	0	0	0	0	0
2217	22	17	80	1700	850	10	100	260	0	0	0	0	0	0	0	0	0	0
2218	22	18	85	1800	900	10	100	270	0	0	0	0	0	0	0	0	0	0
2219	22	19	90	1900	950	10	100	280	0	0	0	0	0	0	0	0	0	0
2220	22	20	95	2000	1000	10	100	290	0	0	0	0	0	0	0	0	0	0
2301	23	1	1	100	50	10	100	100	0	0	0	0	0	0	0	0	0	0
2302	23	2	5	200	100	10	100	110	0	0	0	0	0	0	0	0	0	0
2303	23	3	10	300	150	10	100	120	0	0	0	0	0	0	0	0	0	0
2304	23	4	15	400	200	10	100	130	0	0	0	0	0	0	0	0	0	0
2305	23	5	20	500	250	10	100	140	0	0	0	0	0	0	0	0	0	0
2306	23	6	25	600	300	10	100	150	0	0	0	0	0	0	0	0	0	0
2307	23	7	30	700	350	10	100	160	0	0	0	0	0	0	0	0	0	0
2308	23	8	35	800	400	10	100	170	0	0	0	0	0	0	0	0	0	0
2309	23	9	40	900	450	10	100	180	0	0	0	0	0	0	0	0	0	0
2310	23	10	45	1000	500	10	100	190	0	0	0	0	0	0	0	0	0	0
2311	23	11	50	1100	550	10	100	200	0	0	0	0	0	0	0	0	0	0
2312	23	12	55	1200	600	10	100	210	0	0	0	0	0	0	0	0	0	0
2313	23	13	60	1300	650	10	100	220	0	0	0	0	0	0	0	0	0	0
2314	23	14	65	1400	700	10	100	230	0	0	0	0	0	0	0	0	0	0
2315	23	15	70	1500	750	10	100	240	0	0	0	0	0	0	0	0	0	0
2316	23	16	75	1600	800	10	100	250	0	0	0	0	0	0	0	0	0	0
2317	23	17	80	1700	850	10	100	260	0	0	0	0	0	0	0	0	0	0
2318	23	18	85	1800	900	10	100	270	0	0	0	0	0	0	0	0	0	0
2319	23	19	90	1900	950	10	100	280	0	0	0	0	0	0	0	0	0	0
2320	23	20	95	2000	1000	10	100	290	0	0	0	0	0	0	0	0	0	0
2401	24	1	1	100	50	10	100	100	0	0	0	0	0	0	0	0	0	0
2402	24	2	5	200	100	10	100	110	0	0	0	0	0	0	0	0	0	0
2403	24	3	10	300	150	10	100	120	0	0	0	0	0	0	0	0	0	0
2404	24	4	15	400	200	10	100	130	0	0	0	0	0	0	0	0	0	0
2405	24	5	20	500	250	10	100	140	0	0	0	0	0	0	0	0	0	0
2406	24	6	25	600	300	10	100	150	0	0	0	0	0	0	0	0	0	0
2407	24	7	30	700	350	10	100	160	0	0	0	0	0	0	0	0	0	0
2408	24	8	35	800	400	10	100	170	0	0	0	0	0	0	0	0	0	0
2409	24	9	40	900	450	10	100	180	0	0	0	0	0	0	0	0	0	0
2410	24	10	45	1000	500	10	100	190	0	0	0	0	0	0	0	0	0	0
2411	24	11	50	1100	550	10	100	200	0	0	0	0	0	0	0	0	0	0
2412	24	12	55	1200	600	10	100	210	0	0	0	0	0	0	0	0	0	0
2413	24	13	60	1300	650	10	100	220	0	0	0	0	0	0	0	0	0	0
2414	24	14	65	1400	700	10	100	230	0	0	0	0	0	0	0	0	0	0
2415	24	15	70	1500	750	10	100	240	0	0	0	0	0	0	0	0	0	0
2416	24	16	75	1600	800	10	100	250	0	0	0	0	0	0	0	0	0	0
2417	24	17	80	1700	850	10	100	260	0	0	0	0	0	0	0	0	0	0
2418	24	18	85	1800	900	10	100	270	0	0	0	0	0	0	0	0	0	0
2419	24	19	90	1900	950	10	100	280	0	0	0	0	0	0	0	0	0	0
2420	24	20	95	2000	1000	10	100	290	0	0	0	0	0	0	0	0	0	0
2501	25	1	1	100	50	10	100	100	0	0	0	0	0	0	0	0	0	0
2502	25	2	5	200	100	10	100	110	0	0	0	0	0	0	0	0	0	0
2503	25	3	10	300	150	10	100	120	0	0	0	0	0	0	0	0	0	0
2504	25	4	15	400	200	10	100	130	0	0	0	0	0	0	0	0	0	0
2505	25	5	20	500	250	10	100	140	0	0	0	0	0	0	0	0	0	0
2506	25	6	25	600	300	10	100	150	0	0	0	0	0	0	0	0	0	0
2507	25	7	30	700	350	10	100	160	0	0	0	0	0	0	0	0	0	0
2508	25	8	35	800	400	10	100	170	0	0	0	0	0	0	0	0	0	0
2509	25	9	40	900	450	10	100	180	0	0	0	0	0	0	0	0	0	0
2510	25	10	45	1000	500	10	100	190	0	0	0	0	0	0	0	0	0	0
2511	25	11	50	1100	550	10	100	200	0	0	0	0	0	0	0	0	0	0
2512	25	12	55	1200	600	10	100	210	0	0	0	0	0	0	0	0	0	0
2513	25	13	60	1300	650	10	100	220	0	0	0	0	0	0	0	0	0	0
2514	25	14	65	1400	700	10	100	230	0	0	0	0	0	0	0	0	0	0
2515	25	15	70	1500	750	10	100	240	0	0	0	0	0	0	0	0	0	0
2516	25	16	75	1600	800	10	100	250	0	0	0	0	0	0	0	0	0	0
2517	25	17	80	1700	850	10	100	260	0	0	0	0	0	0	0	0	0	0
2518	25	18	85	1800	900	10	100	270	0	0	0	0	0	0	0	0	0	0
2519	25	19	90	1900	950	10	100	280	0	0	0	0	0	0	0	0	0	0
2520	25	20	95	2000	1000	10	100	290	0	0	0	0	0	0	0	0	0	0
2601	26	1	1	100	50	10	100	100	0	0	0	0	0	0	0	0	0	0
2602	26	2	5	200	100	10	100	110	0	0	0	0	0	0	0	0	0	0
2603	26	3	10	300	150	10	100	120	0	0	0	0	0	0	0	0	0	0
2604	26	4	15	400	200	10	100	130	0	0	0	0	0	0	0	0	0	0
2605	26	5	20	500	250	10	100	140	0	0	0	0	0	0	0	0	0	0
2606	26	6	25	600	300	10	100	150	0	0	0	0	0	0	0	0	0	0
2607	26	7	30	700	350	10	100	160	0	0	0	0	0	0	0	0	0	0
2608	26	8	35	800	400	10	100	170	0	0	0	0	0	0	0	0	0	0
2609	26	9	40	900	450	10	100	180	0	0	0	0	0	0	0	0	0	0
2610	26	10	45	1000	500	10	100	190	0	0	0	0	0	0	0	0	0	0
2611	26	11	50	1100	550	10	100	200	0	0	0	0	0	0	0	0	0	0
2612	26	12	55	1200	600	10	100	210	0	0	0	0	0	0	0	0	0	0
2613	26	13	60	1300	650	10	100	220	0	0	0	0	0	0	0	0	0	0
2614	26	14	65	1400	700	10	100	230	0	0	0	0	0	0	0	0	0	0
2615	26	15	70	1500	750	10	100	240	0	0	0	0	0	0	0	0	0	0
2616	26	16	75	1600	800	10	100	250	0	0	0	0	0	0	0	0	0	0
2617	26	17	80	1700	850	10	100	260	0	0	0	0	0	0	0	0	0	0
2618	26	18	85	1800	900	10	100	270	0	0	0	0	0	0	0	0	0	0
2619	26	19	90	1900	950	10	100	280	0	0	0	0	0	0	0	0	0	0
2620	26	20	95	2000	1000	10	100	290	0	0	0	0	0	0	0	0	0	0
2701	27	1	1	100	50	10	100	100	0	0	0	0	0	0	0	0	0	0
2702	27	2	5	200	100	10	100	110	0	0	0	0	0	0	0	0	0	0
2703	27	3	10	300	150	10	100	120	0	0	0	0	0	0	0	0	0	0
2704	27	4	15	400	200	10	100	130	0	0	0	0	0	0	0	0	0	0
2705	27	5	20	500	250	10	100	140	0	0	0	0	0	0	0	0	0	0
2706	27	6	25	600	300	10	100	150	0	0	0	0	0	0	0	0	0	0
2707	27	7	30	700	350	10	100	160	0	0	0	0	0	0	0	0	0	0
2708	27	8	35	800	400	10	100	170	0	0	0	0	0	0	0	0	0	0
2709	27	9	40	900	450	10	100	180	0	0	0	0	0	0	0	0	0	0
2710	27	10	45	1000	500	10	100	190	0	0	0	0	0	0	0	0	0	0
2711	27	11	50	1100	550	10	100	200	0	0	0	0	0	0	0	0	0	0
2712	27	12	55	1200	600	10	100	210	0	0	0	0	0	0	0	0	0	0
2713	27	13	60	1300	650	10	100	220	0	0	0	0	0	0	0	0	0	0
2714	27	14	65	1400	700	10	100	230	0	0	0	0	0	0	0	0	0	0
2715	27	15	70	1500	750	10	100	240	0	0	0	0	0	0	0	0	0	0
2716	27	16	75	1600	800	10	100	250	0	0	0	0	0	0	0	0	0	0
2717	27	17	80	1700	850	10	100	260	0	0	0	0	0	0	0	0	0	0
2718	27	18	85	1800	900	10	100	270	0	0	0	0	0	0	0	0	0	0
2719	27	19	90	1900	950	10	100	280	0	0	0	0	0	0	0	0	0	0
2720	27	20	95	2000	1000	10	100	290	0	0	0	0	0	0	0	0	0	0
2801	28	1	1	100	50	10	100	100	0	0	0	0	0	0	0	0	0	0
2802	28	2	5	200	100	10	100	110	0	0	0	0	0	0	0	0	0	0
2803	28	3	10	300	150	10	100	120	0	0	0	0	0	0	0	0	0	0
2804	28	4	15	400	200	10	100	130	0	0	0	0	0	0	0	0	0	0
2805	28	5	20	500	250	10	100	140	0	0	0	0	0	0	0	0	0	0
2806	28	6	25	600	300	10	100	150	0	0	0	0	0	0	0	0	0	0
2807	28	7	30	700	350	10	100	160	0	0	0	0	0	0	0	0	0	0
2808	28	8	35	800	400	10	100	170	0	0	0	0	0	0	0	0	0	0
2809	28	9	40	900	450	10	100	180	0	0	0	0	0	0	0	0	0	0
2810	28	10	45	1000	500	10	100	190	0	0	0	0	0	0	0	0	0	0
2811	28	11	50	1100	550	10	100	200	0	0	0	0	0	0	0	0	0	0
2812	28	12	55	1200	600	10	100	210	0	0	0	0	0	0	0	0	0	0
2813	28	13	60	1300	650	10	100	220	0	0	0	0	0	0	0	0	0	0
2814	28	14	65	1400	700	10	100	230	0	0	0	0	0	0	0	0	0	0
2815	28	15	70	1500	750	10	100	240	0	0	0	0	0	0	0	0	0	0
2816	28	16	75	1600	800	10	100	250	0	0	0	0	0	0	0	0	0	0
2817	28	17	80	1700	850	10	100	260	0	0	0	0	0	0	0	0	0	0
2818	28	18	85	1800	900	10	100	270	0	0	0	0	0	0	0	0	0	0
2819	28	19	90	1900	950	10	100	280	0	0	0	0	0	0	0	0	0	0
2820	28	20	95	2000	1000	10	100	290	0	0	0	0	0	0	0	0	0	0
2901	29	1	1	100	50	10	100	100	0	0	0	0	0	0	0	0	0	0
2902	29	2	5	200	100	10	100	110	0	0	0	0	0	0	0	0	0	0
2903	29	3	10	300	150	10	100	120	0	0	0	0	0	0	0	0	0	0
2904	29	4	15	400	200	10	100	130	0	0	0	0	0	0	0	0	0	0
2905	29	5	20	500	250	10	100	140	0	0	0	0	0	0	0	0	0	0
2906	29	6	25	600	300	10	100	150	0	0	0	0	0	0	0	0	0	0
2907	29	7	30	700	350	10	100	160	0	0	0	0	0	0	0	0	0	0
2908	29	8	35	800	400	10	100	170	0	0	0	0	0	0	0	0	0	0
2909	29	9	40	900	450	10	100	180	0	0	0	0	0	0	0	0	0	0
2910	29	10	45	1000	500	10	100	190	0	0	0	0	0	0	0	0	0	0
2911	29	11	50	1100	550	10	100	200	0	0	0	0	0	0	0	0	0	0
2912	29	12	55	1200	600	10	100	210	0	0	0	0	0	0	0	0	0	0
2913	29	13	60	1300	650	10	100	220	0	0	0	0	0	0	0	0	0	0
2914	29	14	65	1400	700	10	100	230	0	0	0	0	0	0	0	0	0	0
2915	29	15	70	1500	750	10	100	240	0	0	0	0	0	0	0	0	0	0
2916	29	16	75	1600	800	10	100	250	0	0	0	0	0	0	0	0	0	0
2917	29	17	80	1700	850	10	100	260	0	0	0	0	0	0	0	0	0	0
2918	29	18	85	1800	900	10	100	270	0	0	0	0	0	0	0	0	0	0
2919	29	19	90	1900	950	10	100	280	0	0	0	0	0	0	0	0	0	0
2920	29	20	95	2000	1000	10	100	290	0	0	0	0	0	0	0	0	0	0
3001	30	1	1	100	50	10	100	100	0	0	0	0	0	0	0	0	0	0
3002	30	2	5	200	100	10	100	110	0	0	0	0	0	0	0	0	0	0
3003	30	3	10	300	150	10	100	120	0	0	0	0	0	0	0	0	0	0
3004	30	4	15	400	200	10	100	130	0	0	0	0	0	0	0	0	0	0
3005	30	5	20	500	250	10	100	140	0	0	0	0	0	0	0	0	0	0
3006	30	6	25	600	300	10	100	150	0	0	0	0	0	0	0	0	0	0
3007	30	7	30	700	350	10	100	160	0	0	0	0	0	0	0	0	0	0
3008	30	8	35	800	400	10	100	170	0	0	0	0	0	0	0	0	0	0
3009	30	9	40	900	450	10	100	180	0	0	0	0	0	0	0	0	0	0
3010	30	10	45	1000	500	10	100	190	0	0	0	0	0	0	0	0	0	0
3011	30	11	50	1100	550	10	100	200	0	0	0	0	0	0	0	0	0	0
3012	30	12	55	1200	600	10	100	210	0	0	0	0	0	0	0	0	0	0
3013	30	13	60	1300	650	10	100	220	0	0	0	0	0	0	0	0	0	0
3014	30	14	65	1400	700	10	100	230	0	0	0	0	0	0	0	0	0	0
3015	30	15	70	1500	750	10	100	240	0	0	0	0	0	0	0	0	0	0
3016	30	16	75	1600	800	10	100	250	0	0	0	0	0	0	0	0	0	0
3017	30	17	80	1700	850	10	100	260	0	0	0	0	0	0	0	0	0	0
3018	30	18	85	1800	900	10	100	270	0	0	0	0	0	0	0	0	0	0
3019	30	19	90	1900	950	10	100	280	0	0	0	0	0	0	0	0	0	0
3020	30	20	95	2000	1000	10	100	290	0	0	0	0	0	0	0	0	0	0
3101	31	1	1	100	50	10	100	100	0	0	0	0	0	0	0	0	0	0
3102	31	2	5	200	100	10	100	110	0	0	0	0	0	0	0	0	0	0
3103	31	3	10	300	150	10	100	120	0	0	0	0	0	0	0	0	0	0
3104	31	4	15	400	200	10	100	130	0	0	0	0	0	0	0	0	0	0
3105	31	5	20	500	250	10	100	140	0	0	0	0	0	0	0	0	0	0
3106	31	6	25	600	300	10	100	150	0	0	0	0	0	0	0	0	0	0
3107	31	7	30	700	350	10	100	160	0	0	0	0	0	0	0	0	0	0
3108	31	8	35	800	400	10	100	170	0	0	0	0	0	0	0	0	0	0
3109	31	9	40	900	450	10	100	180	0	0	0	0	0	0	0	0	0	0
3110	31	10	45	1000	500	10	100	190	0	0	0	0	0	0	0	0	0	0
3111	31	11	50	1100	550	10	100	200	0	0	0	0	0	0	0	0	0	0
3112	31	12	55	1200	600	10	100	210	0	0	0	0	0	0	0	0	0	0
3113	31	13	60	1300	650	10	100	220	0	0	0	0	0	0	0	0	0	0
3114	31	14	65	1400	700	10	100	230	0	0	0	0	0	0	0	0	0	0
3115	31	15	70	1500	750	10	100	240	0	0	0	0	0	0	0	0	0	0
3116	31	16	75	1600	800	10	100	250	0	0	0	0	0	0	0	0	0	0
3117	31	17	80	1700	850	10	100	260	0	0	0	0	0	0	0	0	0	0
3118	31	18	85	1800	900	10	100	270	0	0	0	0	0	0	0	0	0	0
3119	31	19	90	1900	950	10	100	280	0	0	0	0	0	0	0	0	0	0
3120	31	20	95	2000	1000	10	100	290	0	0	0	0	0	0	0	0	0	0
3201	32	1	1	100	50	10	100	100	0	0	0	0	0	0	0	0	0	0
3202	32	2	5	200	100	10	100	110	0	0	0	0	0	0	0	0	0	0
3203	32	3	10	300	150	10	100	120	0	0	0	0	0	0	0	0	0	0
3204	32	4	15	400	200	10	100	130	0	0	0	0	0	0	0	0	0	0
3205	32	5	20	500	250	10	100	140	0	0	0	0	0	0	0	0	0	0
3206	32	6	25	600	300	10	100	150	0	0	0	0	0	0	0	0	0	0
3207	32	7	30	700	350	10	100	160	0	0	0	0	0	0	0	0	0	0
3208	32	8	35	800	400	10	100	170	0	0	0	0	0	0	0	0	0	0
3209	32	9	40	900	450	10	100	180	0	0	0	0	0	0	0	0	0	0
3210	32	10	45	1000	500	10	100	190	0	0	0	0	0	0	0	0	0	0
3211	32	11	50	1100	550	10	100	200	0	0	0	0	0	0	0	0	0	0
3212	32	12	55	1200	600	10	100	210	0	0	0	0	0	0	0	0	0	0
3213	32	13	60	1300	650	10	100	220	0	0	0	0	0	0	0	0	0	0
3214	32	14	65	1400	700	10	100	230	0	0	0	0	0	0	0	0	0	0
3215	32	15	70	1500	750	10	100	240	0	0	0	0	0	0	0	0	0	0
3216	32	16	75	1600	800	10	100	250	0	0	0	0	0	0	0	0	0	0
3217	32	17	80	1700	850	10	100	260	0	0	0	0	0	0	0	0	0	0
3218	32	18	85	1800	900	10	100	270	0	0	0	0	0	0	0	0	0	0
3219	32	19	90	1900	950	10	100	280	0	0	0	0	0	0	0	0	0	0
3220	32	20	95	2000	1000	10	100	290	0	0	0	0	0	0	0	0	0	0
3301	33	1	1	100	50	10	100	100	0	0	0	0	0	0	0	0	0	0
3302	33	2	5	200	100	10	100	110	0	0	0	0	0	0	0	0	0	0
3303	33	3	10	300	150	10	100	120	0	0	0	0	0	0	0	0	0	0
3304	33	4	15	400	200	10	100	130	0	0	0	0	0	0	0	0	0	0
3305	33	5	20	500	250	10	100	140	0	0	0	0	0	0	0	0	0	0
3306	33	6	25	600	300	10	100	150	0	0	0	0	0	0	0	0	0	0
3307	33	7	30	700	350	10	100	160	0	0	0	0	0	0	0	0	0	0
3308	33	8	35	800	400	10	100	170	0	0	0	0	0	0	0	0	0	0
3309	33	9	40	900	450	10	100	180	0	0	0	0	0	0	0	0	0	0
3310	33	10	45	1000	500	10	100	190	0	0	0	0	0	0	0	0	0	0
3311	33	11	50	1100	550	10	100	200	0	0	0	0	0	0	0	0	0	0
3312	33	12	55	1200	600	10	100	210	0	0	0	0	0	0	0	0	0	0
3313	33	13	60	1300	650	10	100	220	0	0	0	0	0	0	0	0	0	0
3314	33	14	65	1400	700	10	100	230	0	0	0	0	0	0	0	0	0	0
3315	33	15	70	1500	750	10	100	240	0	0	0	0	0	0	0	0	0	0
3316	33	16	75	1600	800	10	100	250	0	0	0	0	0	0	0	0	0	0
3317	33	17	80	1700	850	10	100	260	0	0	0	0	0	0	0	0	0	0
3318	33	18	85	1800	900	10	100	270	0	0	0	0	0	0	0	0	0	0
3319	33	19	90	1900	950	10	100	280	0	0	0	0	0	0	0	0	0	0
3320	33	20	95	2000	1000	10	100	290	0	0	0	0	0	0	0	0	0	0
3401	34	1	1	100	50	10	100	100	0	0	0	0	0	0	0	0	0	0
3402	34	2	5	200	100	10	100	110	0	0	0	0	0	0	0	0	0	0
3403	34	3	10	300	150	10	100	120	0	0	0	0	0	0	0	0	0	0
3404	34	4	15	400	200	10	100	130	0	0	0	0	0	0	0	0	0	0
3405	34	5	20	500	250	10	100	140	0	0	0	0	0	0	0	0	0	0
3406	34	6	25	600	300	10	100	150	0	0	0	0	0	0	0	0	0	0
3407	34	7	30	700	350	10	100	160	0	0	0	0	0	0	0	0	0	0
3408	34	8	35	800	400	10	100	170	0	0	0	0	0	0	0	0	0	0
3409	34	9	40	900	450	10	100	180	0	0	0	0	0	0	0	0	0	0
3410	34	10	45	1000	500	10	100	190	0	0	0	0	0	0	0	0	0	0
3411	34	11	50	1100	550	10	100	200	0	0	0	0	0	0	0	0	0	0
3412	34	12	55	1200	600	10	100	210	0	0	0	0	0	0	0	0	0	0
3413	34	13	60	1300	650	10	100	220	0	0	0	0	0	0	0	0	0	0
3414	34	14	65	1400	700	10	100	230	0	0	0	0	0	0	0	0	0	0
3415	34	15	70	1500	750	10	100	240	0	0	0	0	0	0	0	0	0	0
3416	34	16	75	1600	800	10	100	250	0	0	0	0	0	0	0	0	0	0
3417	34	17	80	1700	850	10	100	260	0	0	0	0	0	0	0	0	0	0
3418	34	18	85	1800	900	10	100	270	0	0	0	0	0	0	0	0	0	0
3419	34	19	90	1900	950	10	100	280	0	0	0	0	0	0	0	0	0	0
3420	34	20	95	2000	1000	10	100	290	0	0	0	0	0	0	0	0	0	0
3501	35	1	1	100	50	10	100	100	0	0	0	0	0	0	0	0	0	0
3502	35	2	5	200	100	10	100	110	0	0	0	0	0	0	0	0	0	0
3503	35	3	10	300	150	10	100	120	0	0	0	0	0	0	0	0	0	0
3504	35	4	15	400	200	10	100	130	0	0	0	0	0	0	0	0	0	0
3505	35	5	20	500	250	10	100	140	0	0	0	0	0	0	0	0	0	0
3506	35	6	25	600	300	10	100	150	0	0	0	0	0	0	0	0	0	0
3507	35	7	30	700	350	10	100	160	0	0	0	0	0	0	0	0	0	0
3508	35	8	35	800	400	10	100	170	0	0	0	0	0	0	0	0	0	0
3509	35	9	40	900	450	10	100	180	0	0	0	0	0	0	0	0	0	0
3510	35	10	45	1000	500	10	100	190	0	0	0	0	0	0	0	0	0	0
3511	35	11	50	1100	550	10	100	200	0	0	0	0	0	0	0	0	0	0
3512	35	12	55	1200	600	10	100	210	0	0	0	0	0	0	0	0	0	0
3513	35	13	60	1300	650	10	100	220	0	0	0	0	0	0	0	0	0	0
3514	35	14	65	1400	700	10	100	230	0	0	0	0	0	0	0	0	0	0
3515	35	15	70	1500	750	10	100	240	0	0	0	0	0	0	0	0	0	0
3516	35	16	75	1600	800	10	100	250	0	0	0	0	0	0	0	0	0	0
3517	35	17	80	1700	850	10	100	260	0	0	0	0	0	0	0	0	0	0
3518	35	18	85	1800	900	10	100	270	0	0	0	0	0	0	0	0	0	0
3519	35	19	90	1900	950	10	100	280	0	0	0	0	0	0	0	0	0	0
3520	35	20	95	2000	1000	10	100	290	0	0	0	0	0	0	0	0	0	0
3601	36	1	1	100	50	10	100	100	0	0	0	0	0	0	0	0	0	0
3602	36	2	5	200	100	10	100	110	0	0	0	0	0	0	0	0	0	0
3603	36	3	10	300	150	10	100	120	0	0	0	0	0	0	0	0	0	0
3604	36	4	15	400	200	10	100	130	0	0	0	0	0	0	0	0	0	0
3605	36	5	20	500	250	10	100	140	0	0	0	0	0	0	0	0	0	0
3606	36	6	25	600	300	10	100	150	0	0	0	0	0	0	0	0	0	0
3607	36	7	30	700	350	10	100	160	0	0	0	0	0	0	0	0	0	0
3608	36	8	35	800	400	10	100	170	0	0	0	0	0	0	0	0	0	0
3609	36	9	40	900	450	10	100	180	0	0	0	0	0	0	0	0	0	0
3610	36	10	45	1000	500	10	100	190	0	0	0	0	0	0	0	0	0	0
3611	36	11	50	1100	550	10	100	200	0	0	0	0	0	0	0	0	0	0
3612	36	12	55	1200	600	10	100	210	0	0	0	0	0	0	0	0	0	0
3613	36	13	60	1300	650	10	100	220	0	0	0	0	0	0	0	0	0	0
3614	36	14	65	1400	700	10	100	230	0	0	0	0	0	0	0	0	0	0
3615	36	15	70	1500	750	10	100	240	0	0	0	0	0	0	0	0	0	0
3616	36	16	75	1600	800	10	100	250	0	0	0	0	0	0	0	0	0	0
3617	36	17	80	1700	850	10	100	260	0	0	0	0	0	0	0	0	0	0
3618	36	18	85	1800	900	10	100	270	0	0	0	0	0	0	0	0	0	0
3619	36	19	90	1900	950	10	100	280	0	0	0	0	0	0	0	0	0	0
3620	36	20	95	2000	1000	10	100	290	0	0	0	0	0	0	0	0	0	0
3701	37	1	1	100	50	10	100	100	0	0	0	0	0	0	0	0	0	0
3702	37	2	5	200	100	10	100	110	0	0	0	0	0	0	0	0	0	0
3703	37	3	10	300	150	10	100	120	0	0	0	0	0	0	0	0	0	0
3704	37	4	15	400	200	10	100	130	0	0	0	0	0	0	0	0	0	0
3705	37	5	20	500	250	10	100	140	0	0	0	0	0	0	0	0	0	0
3706	37	6	25	600	300	10	100	150	0	0	0	0	0	0	0	0	0	0
3707	37	7	30	700	350	10	100	160	0	0	0	0	0	0	0	0	0	0
3708	37	8	35	800	400	10	100	170	0	0	0	0	0	0	0	0	0	0
3709	37	9	40	900	450	10	100	180	0	0	0	0	0	0	0	0	0	0
3710	37	10	45	1000	500	10	100	190	0	0	0	0	0	0	0	0	0	0
3711	37	11	50	1100	550	10	100	200	0	0	0	0	0	0	0	0	0	0
3712	37	12	55	1200	600	10	100	210	0	0	0	0	0	0	0	0	0	0
3713	37	13	60	1300	650	10	100	220	0	0	0	0	0	0	0	0	0	0
3714	37	14	65	1400	700	10	100	230	0	0	0	0	0	0	0	0	0	0
3715	37	15	70	1500	750	10	100	240	0	0	0	0	0	0	0	0	0	0
3716	37	16	75	1600	800	10	100	250	0	0	0	0	0	0	0	0	0	0
3717	37	17	80	1700	850	10	100	260	0	0	0	0	0	0	0	0	0	0
3718	37	18	85	1800	900	10	100	270	0	0	0	0	0	0	0	0	0	0
3719	37	19	90	1900	950	10	100	280	0	0	0	0	0	0	0	0	0	0
3720	37	20	95	2000	1000	10	100	290	0	0	0	0	0	0	0	0	0	0
3801	38	1	1	100	50	10	100	100	0	0	0	0	0	0	0	0	0	0
3802	38	2	5	200	100	10	100	110	0	0	0	0	0	0	0	0	0	0
3803	38	3	10	300	150	10	100	120	0	0	0	0	0	0	0	0	0	0
3804	38	4	15	400	200	10	100	130	0	0	0	0	0	0	0	0	0	0
3805	38	5	20	500	250	10	100	140	0	0	0	0	0	0	0	0	0	0
3806	38	6	25	600	300	10	100	150	0	0	0	0	0	0	0	0	0	0
3807	38	7	30	700	350	10	100	160	0	0	0	0	0	0	0	0	0	0
3808	38	8	35	800	400	10	100	170	0	0	0	0	0	0	0	0	0	0
3809	38	9	40	900	450	10	100	180	0	0	0	0	0	0	0	0	0	0
3810	38	10	45	1000	500	10	100	190	0	0	0	0	0	0	0	0	0	0
3811	38	11	50	1100	550	10	100	200	0	0	0	0	0	0	0	0	0	0
3812	38	12	55	1200	600	10	100	210	0	0	0	0	0	0	0	0	0	0
3813	38	13	60	1300	650	10	100	220	0	0	0	0	0	0	0	0	0	0
3814	38	14	65	1400	700	10	100	230	0	0	0	0	0	0	0	0	0	0
3815	38	15	70	1500	750	10	100	240	0	0	0	0	0	0	0	0	0	0
3816	38	16	75	1600	800	10	100	250	0	0	0	0	0	0	0	0	0	0
3817	38	17	80	1700	850	10	100	260	0	0	0	0	0	0	0	0	0	0
3818	38	18	85	1800	900	10	100	270	0	0	0	0	0	0	0	0	0	0
3819	38	19	90	1900	950	10	100	280	0	0	0	0	0	0	0	0	0	0
3820	38	20	95	2000	1000	10	100	290	0	0	0	0	0	0	0	0	0	0
3901	39	1	1	100	50	10	100	100	0	0	0	0	0	0	0	0	0	0
3902	39	2	5	200	100	10	100	110	0	0	0	0	0	0	0	0	0	0
3903	39	3	10	300	150	10	100	120	0	0	0	0	0	0	0	0	0	0
3904	39	4	15	400	200	10	100	130	0	0	0	0	0	0	0	0	0	0
3905	39	5	20	500	250	10	100	140	0	0	0	0	0	0	0	0	0	0
3906	39	6	25	600	300	10	100	150	0	0	0	0	0	0	0	0	0	0
3907	39	7	30	700	350	10	100	160	0	0	0	0	0	0	0	0	0	0
3908	39	8	35	800	400	10	100	170	0	0	0	0	0	0	0	0	0	0
3909	39	9	40	900	450	10	100	180	0	0	0	0	0	0	0	0	0	0
3910	39	10	45	1000	500	10	100	190	0	0	0	0	0	0	0	0	0	0
3911	39	11	50	1100	550	10	100	200	0	0	0	0	0	0	0	0	0	0
3912	39	12	55	1200	600	10	100	210	0	0	0	0	0	0	0	0	0	0
3913	39	13	60	1300	650	10	100	220	0	0	0	0	0	0	0	0	0	0
3914	39	14	65	1400	700	10	100	230	0	0	0	0	0	0	0	0	0	0
3915	39	15	70	1500	750	10	100	240	0	0	0	0	0	0	0	0	0	0
3916	39	16	75	1600	800	10	100	250	0	0	0	0	0	0	0	0	0	0
3917	39	17	80	1700	850	10	100	260	0	0	0	0	0	0	0	0	0	0
3918	39	18	85	1800	900	10	100	270	0	0	0	0	0	0	0	0	0	0
3919	39	19	90	1900	950	10	100	280	0	0	0	0	0	0	0	0	0	0
3920	39	20	95	2000	1000	10	100	290	0	0	0	0	0	0	0	0	0	0
4001	40	1	1	100	50	10	100	100	0	0	0	0	0	0	0	0	0	0
4002	40	2	5	200	100	10	100	110	0	0	0	0	0	0	0	0	0	0
4003	40	3	10	300	150	10	100	120	0	0	0	0	0	0	0	0	0	0
4004	40	4	15	400	200	10	100	130	0	0	0	0	0	0	0	0	0	0
4005	40	5	20	500	250	10	100	140	0	0	0	0	0	0	0	0	0	0
4006	40	6	25	600	300	10	100	150	0	0	0	0	0	0	0	0	0	0
4007	40	7	30	700	350	10	100	160	0	0	0	0	0	0	0	0	0	0
4008	40	8	35	800	400	10	100	170	0	0	0	0	0	0	0	0	0	0
4009	40	9	40	900	450	10	100	180	0	0	0	0	0	0	0	0	0	0
4010	40	10	45	1000	500	10	100	190	0	0	0	0	0	0	0	0	0	0
4011	40	11	50	1100	550	10	100	200	0	0	0	0	0	0	0	0	0	0
4012	40	12	55	1200	600	10	100	210	0	0	0	0	0	0	0	0	0	0
4013	40	13	60	1300	650	10	100	220	0	0	0	0	0	0	0	0	0	0
4014	40	14	65	1400	700	10	100	230	0	0	0	0	0	0	0	0	0	0
4015	40	15	70	1500	750	10	100	240	0	0	0	0	0	0	0	0	0	0
4016	40	16	75	1600	800	10	100	250	0	0	0	0	0	0	0	0	0	0
4017	40	17	80	1700	850	10	100	260	0	0	0	0	0	0	0	0	0	0
4018	40	18	85	1800	900	10	100	270	0	0	0	0	0	0	0	0	0	0
4019	40	19	90	1900	950	10	100	280	0	0	0	0	0	0	0	0	0	0
4020	40	20	95	2000	1000	10	100	290	0	0	0	0	0	0	0	0	0	0
4101	41	1	1	100	50	10	100	100	0	0	0	0	0	0	0	0	0	0
4102	41	2	5	200	100	10	100	110	0	0	0	0	0	0	0	0	0	0
4103	41	3	10	300	150	10	100	120	0	0	0	0	0	0	0	0	0	0
4104	41	4	15	400	200	10	100	130	0	0	0	0	0	0	0	0	0	0
4105	41	5	20	500	250	10	100	140	0	0	0	0	0	0	0	0	0	0
4106	41	6	25	600	300	10	100	150	0	0	0	0	0	0	0	0	0	0
4107	41	7	30	700	350	10	100	160	0	0	0	0	0	0	0	0	0	0
4108	41	8	35	800	400	10	100	170	0	0	0	0	0	0	0	0	0	0
4109	41	9	40	900	450	10	100	180	0	0	0	0	0	0	0	0	0	0
4110	41	10	45	1000	500	10	100	190	0	0	0	0	0	0	0	0	0	0
4111	41	11	50	1100	550	10	100	200	0	0	0	0	0	0	0	0	0	0
4112	41	12	55	1200	600	10	100	210	0	0	0	0	0	0	0	0	0	0
4113	41	13	60	1300	650	10	100	220	0	0	0	0	0	0	0	0	0	0
4114	41	14	65	1400	700	10	100	230	0	0	0	0	0	0	0	0	0	0
4115	41	15	70	1500	750	10	100	240	0	0	0	0	0	0	0	0	0	0
4116	41	16	75	1600	800	10	100	250	0	0	0	0	0	0	0	0	0	0
4117	41	17	80	1700	850	10	100	260	0	0	0	0	0	0	0	0	0	0
4118	41	18	85	1800	900	10	100	270	0	0	0	0	0	0	0	0	0	0
4119	41	19	90	1900	950	10	100	280	0	0	0	0	0	0	0	0	0	0
4120	41	20	95	2000	1000	10	100	290	0	0	0	0	0	0	0	0	0	0
4201	42	1	1	100	50	10	100	100	0	0	0	0	0	0	0	0	0	0
4202	42	2	5	200	100	10	100	110	0	0	0	0	0	0	0	0	0	0
4203	42	3	10	300	150	10	100	120	0	0	0	0	0	0	0	0	0	0
4204	42	4	15	400	200	10	100	130	0	0	0	0	0	0	0	0	0	0
4205	42	5	20	500	250	10	100	140	0	0	0	0	0	0	0	0	0	0
4206	42	6	25	600	300	10	100	150	0	0	0	0	0	0	0	0	0	0
4207	42	7	30	700	350	10	100	160	0	0	0	0	0	0	0	0	0	0
4208	42	8	35	800	400	10	100	170	0	0	0	0	0	0	0	0	0	0
4209	42	9	40	900	450	10	100	180	0	0	0	0	0	0	0	0	0	0
4210	42	10	45	1000	500	10	100	190	0	0	0	0	0	0	0	0	0	0
4211	42	11	50	1100	550	10	100	200	0	0	0	0	0	0	0	0	0	0
4212	42	12	55	1200	600	10	100	210	0	0	0	0	0	0	0	0	0	0
4213	42	13	60	1300	650	10	100	220	0	0	0	0	0	0	0	0	0	0
4214	42	14	65	1400	700	10	100	230	0	0	0	0	0	0	0	0	0	0
4215	42	15	70	1500	750	10	100	240	0	0	0	0	0	0	0	0	0	0
4216	42	16	75	1600	800	10	100	250	0	0	0	0	0	0	0	0	0	0
4217	42	17	80	1700	850	10	100	260	0	0	0	0	0	0	0	0	0	0
4218	42	18	85	1800	900	10	100	270	0	0	0	0	0	0	0	0	0	0
4219	42	19	90	1900	950	10	100	280	0	0	0	0	0	0	0	0	0	0
4220	42	20	95	2000	1000	10	100	290	0	0	0	0	0	0	0	0	0	0
4301	43	1	1	100	50	10	100	100	0	0	0	0	0	0	0	0	0	0
4302	43	2	5	200	100	10	100	110	0	0	0	0	0	0	0	0	0	0
4303	43	3	10	300	150	10	100	120	0	0	0	0	0	0	0	0	0	0
4304	43	4	15	400	200	10	100	130	0	0	0	0	0	0	0	0	0	0
4305	43	5	20	500	250	10	100	140	0	0	0	0	0	0	0	0	0	0
4306	43	6	25	600	300	10	100	150	0	0	0	0	0	0	0	0	0	0
4307	43	7	30	700	350	10	100	160	0	0	0	0	0	0	0	0	0	0
4308	43	8	35	800	400	10	100	170	0	0	0	0	0	0	0	0	0	0
4309	43	9	40	900	450	10	100	180	0	0	0	0	0	0	0	0	0	0
4310	43	10	45	1000	500	10	100	190	0	0	0	0	0	0	0	0	0	0
4311	43	11	50	1100	550	10	100	200	0	0	0	0	0	0	0	0	0	0
4312	43	12	55	1200	600	10	100	210	0	0	0	0	0	0	0	0	0	0
4313	43	13	60	1300	650	10	100	220	0	0	0	0	0	0	0	0	0	0
4314	43	14	65	1400	700	10	100	230	0	0	0	0	0	0	0	0	0	0
4315	43	15	70	1500	750	10	100	240	0	0	0	0	0	0	0	0	0	0
4316	43	16	75	1600	800	10	100	250	0	0	0	0	0	0	0	0	0	0
4317	43	17	80	1700	850	10	100	260	0	0	0	0	0	0	0	0	0	0
4318	43	18	85	1800	900	10	100	270	0	0	0	0	0	0	0	0	0	0
4319	43	19	90	1900	950	10	100	280	0	0	0	0	0	0	0	0	0	0
4320	43	20	95	2000	1000	10	100	290	0	0	0	0	0	0	0	0	0	0
4401	44	1	1	100	50	10	100	100	0	0	0	0	0	0	0	0	0	0
4402	44	2	5	200	100	10	100	110	0	0	0	0	0	0	0	0	0	0
4403	44	3	10	300	150	10	100	120	0	0	0	0	0	0	0	0	0	0
4404	44	4	15	400	200	10	100	130	0	0	0	0	0	0	0	0	0	0
4405	44	5	20	500	250	10	100	140	0	0	0	0	0	0	0	0	0	0
4406	44	6	25	600	300	10	100	150	0	0	0	0	0	0	0	0	0	0
4407	44	7	30	700	350	10	100	160	0	0	0	0	0	0	0	0	0	0
4408	44	8	35	800	400	10	100	170	0	0	0	0	0	0	0	0	0	0
4409	44	9	40	900	450	10	100	180	0	0	0	0	0	0	0	0	0	0
4410	44	10	45	1000	500	10	100	190	0	0	0	0	0	0	0	0	0	0
4411	44	11	50	1100	550	10	100	200	0	0	0	0	0	0	0	0	0	0
4412	44	12	55	1200	600	10	100	210	0	0	0	0	0	0	0	0	0	0
4413	44	13	60	1300	650	10	100	220	0	0	0	0	0	0	0	0	0	0
4414	44	14	65	1400	700	10	100	230	0	0	0	0	0	0	0	0	0	0
4415	44	15	70	1500	750	10	100	240	0	0	0	0	0	0	0	0	0	0
4416	44	16	75	1600	800	10	100	250	0	0	0	0	0	0	0	0	0	0
4417	44	17	80	1700	850	10	100	260	0	0	0	0	0	0	0	0	0	0
4418	44	18	85	1800	900	10	100	270	0	0	0	0	0	0	0	0	0	0
4419	44	19	90	1900	950	10	100	280	0	0	0	0	0	0	0	0	0	0
4420	44	20	95	2000	1000	10	100	290	0	0	0	0	0	0	0	0	0	0
4501	45	1	1	100	50	0	100	20	0	0	0	0	0	0	0	0	0	0
4502	45	2	5	200	100	0	100	40	0	0	0	0	0	0	0	0	0	0
4503	45	3	10	300	150	0	100	60	0	0	0	0	0	0	0	0	0	0
4504	45	4	15	400	200	0	100	80	0	0	0	0	0	0	0	0	0	0
4505	45	5	20	500	250	0	100	100	0	0	0	0	0	0	0	0	0	0
4506	45	6	25	600	300	0	100	120	0	0	0	0	0	0	0	0	0	0
4507	45	7	30	700	350	0	100	140	0	0	0	0	0	0	0	0	0	0
4508	45	8	35	800	400	0	100	160	0	0	0	0	0	0	0	0	0	0
4509	45	9	40	900	450	0	100	180	0	0	0	0	0	0	0	0	0	0
4510	45	10	45	1000	500	0	100	200	0	0	0	0	0	0	0	0	0	0
4511	45	11	50	1100	550	0	100	220	0	0	0	0	0	0	0	0	0	0
4512	45	12	55	1200	600	0	100	240	0	0	0	0	0	0	0	0	0	0
4513	45	13	60	1300	650	0	100	260	0	0	0	0	0	0	0	0	0	0
4514	45	14	65	1400	700	0	100	280	0	0	0	0	0	0	0	0	0	0
4515	45	15	70	1500	750	0	100	300	0	0	0	0	0	0	0	0	0	0
4516	45	16	75	1600	800	0	100	320	0	0	0	0	0	0	0	0	0	0
4517	45	17	80	1700	850	0	100	340	0	0	0	0	0	0	0	0	0	0
4518	45	18	85	1800	900	0	100	360	0	0	0	0	0	0	0	0	0	0
4519	45	19	90	1900	950	0	100	380	0	0	0	0	0	0	0	0	0	0
4520	45	20	95	2000	1000	0	100	400	0	0	0	0	0	0	0	0	0	0
4601	46	1	1	100	50	0	100	20	0	0	0	0	0	0	0	0	0	0
4602	46	2	5	200	100	0	100	40	0	0	0	0	0	0	0	0	0	0
4603	46	3	10	300	150	0	100	60	0	0	0	0	0	0	0	0	0	0
4604	46	4	15	400	200	0	100	80	0	0	0	0	0	0	0	0	0	0
4605	46	5	20	500	250	0	100	100	0	0	0	0	0	0	0	0	0	0
4606	46	6	25	600	300	0	100	120	0	0	0	0	0	0	0	0	0	0
4607	46	7	30	700	350	0	100	140	0	0	0	0	0	0	0	0	0	0
4608	46	8	35	800	400	0	100	160	0	0	0	0	0	0	0	0	0	0
4609	46	9	40	900	450	0	100	180	0	0	0	0	0	0	0	0	0	0
4610	46	10	45	1000	500	0	100	200	0	0	0	0	0	0	0	0	0	0
4611	46	11	50	1100	550	0	100	220	0	0	0	0	0	0	0	0	0	0
4612	46	12	55	1200	600	0	100	240	0	0	0	0	0	0	0	0	0	0
4613	46	13	60	1300	650	0	100	260	0	0	0	0	0	0	0	0	0	0
4614	46	14	65	1400	700	0	100	280	0	0	0	0	0	0	0	0	0	0
4615	46	15	70	1500	750	0	100	300	0	0	0	0	0	0	0	0	0	0
4616	46	16	75	1600	800	0	100	320	0	0	0	0	0	0	0	0	0	0
4617	46	17	80	1700	850	0	100	340	0	0	0	0	0	0	0	0	0	0
4618	46	18	85	1800	900	0	100	360	0	0	0	0	0	0	0	0	0	0
4619	46	19	90	1900	950	0	100	380	0	0	0	0	0	0	0	0	0	0
4620	46	20	95	2000	1000	0	100	400	0	0	0	0	0	0	0	0	0	0
4701	47	1	1	100	50	0	100	20	0	0	0	0	0	0	0	0	0	0
4702	47	2	5	200	100	0	100	40	0	0	0	0	0	0	0	0	0	0
4703	47	3	10	300	150	0	100	60	0	0	0	0	0	0	0	0	0	0
4704	47	4	15	400	200	0	100	80	0	0	0	0	0	0	0	0	0	0
4705	47	5	20	500	250	0	100	100	0	0	0	0	0	0	0	0	0	0
4706	47	6	25	600	300	0	100	120	0	0	0	0	0	0	0	0	0	0
4707	47	7	30	700	350	0	100	140	0	0	0	0	0	0	0	0	0	0
4708	47	8	35	800	400	0	100	160	0	0	0	0	0	0	0	0	0	0
4709	47	9	40	900	450	0	100	180	0	0	0	0	0	0	0	0	0	0
4710	47	10	45	1000	500	0	100	200	0	0	0	0	0	0	0	0	0	0
4711	47	11	50	1100	550	0	100	220	0	0	0	0	0	0	0	0	0	0
4712	47	12	55	1200	600	0	100	240	0	0	0	0	0	0	0	0	0	0
4713	47	13	60	1300	650	0	100	260	0	0	0	0	0	0	0	0	0	0
4714	47	14	65	1400	700	0	100	280	0	0	0	0	0	0	0	0	0	0
4715	47	15	70	1500	750	0	100	300	0	0	0	0	0	0	0	0	0	0
4716	47	16	75	1600	800	0	100	320	0	0	0	0	0	0	0	0	0	0
4717	47	17	80	1700	850	0	100	340	0	0	0	0	0	0	0	0	0	0
4718	47	18	85	1800	900	0	100	360	0	0	0	0	0	0	0	0	0	0
4719	47	19	90	1900	950	0	100	380	0	0	0	0	0	0	0	0	0	0
4720	47	20	95	2000	1000	0	100	400	0	0	0	0	0	0	0	0	0	0
4801	48	1	1	100	50	0	100	20	0	0	0	0	0	0	0	0	0	0
4802	48	2	5	200	100	0	100	40	0	0	0	0	0	0	0	0	0	0
4803	48	3	10	300	150	0	100	60	0	0	0	0	0	0	0	0	0	0
4804	48	4	15	400	200	0	100	80	0	0	0	0	0	0	0	0	0	0
4805	48	5	20	500	250	0	100	100	0	0	0	0	0	0	0	0	0	0
4806	48	6	25	600	300	0	100	120	0	0	0	0	0	0	0	0	0	0
4807	48	7	30	700	350	0	100	140	0	0	0	0	0	0	0	0	0	0
4808	48	8	35	800	400	0	100	160	0	0	0	0	0	0	0	0	0	0
4809	48	9	40	900	450	0	100	180	0	0	0	0	0	0	0	0	0	0
4810	48	10	45	1000	500	0	100	200	0	0	0	0	0	0	0	0	0	0
4811	48	11	50	1100	550	0	100	220	0	0	0	0	0	0	0	0	0	0
4812	48	12	55	1200	600	0	100	240	0	0	0	0	0	0	0	0	0	0
4813	48	13	60	1300	650	0	100	260	0	0	0	0	0	0	0	0	0	0
4814	48	14	65	1400	700	0	100	280	0	0	0	0	0	0	0	0	0	0
4815	48	15	70	1500	750	0	100	300	0	0	0	0	0	0	0	0	0	0
4816	48	16	75	1600	800	0	100	320	0	0	0	0	0	0	0	0	0	0
4817	48	17	80	1700	850	0	100	340	0	0	0	0	0	0	0	0	0	0
4818	48	18	85	1800	900	0	100	360	0	0	0	0	0	0	0	0	0	0
4819	48	19	90	1900	950	0	100	380	0	0	0	0	0	0	0	0	0	0
4820	48	20	95	2000	1000	0	100	400	0	0	0	0	0	0	0	0	0	0
4901	49	1	1	100	50	0	100	20	0	0	0	0	0	0	0	0	0	0
4902	49	2	5	200	100	0	100	40	0	0	0	0	0	0	0	0	0	0
4903	49	3	10	300	150	0	100	60	0	0	0	0	0	0	0	0	0	0
4904	49	4	15	400	200	0	100	80	0	0	0	0	0	0	0	0	0	0
4905	49	5	20	500	250	0	100	100	0	0	0	0	0	0	0	0	0	0
4906	49	6	25	600	300	0	100	120	0	0	0	0	0	0	0	0	0	0
4907	49	7	30	700	350	0	100	140	0	0	0	0	0	0	0	0	0	0
4908	49	8	35	800	400	0	100	160	0	0	0	0	0	0	0	0	0	0
4909	49	9	40	900	450	0	100	180	0	0	0	0	0	0	0	0	0	0
4910	49	10	45	1000	500	0	100	200	0	0	0	0	0	0	0	0	0	0
4911	49	11	50	1100	550	0	100	220	0	0	0	0	0	0	0	0	0	0
4912	49	12	55	1200	600	0	100	240	0	0	0	0	0	0	0	0	0	0
4913	49	13	60	1300	650	0	100	260	0	0	0	0	0	0	0	0	0	0
4914	49	14	65	1400	700	0	100	280	0	0	0	0	0	0	0	0	0	0
4915	49	15	70	1500	750	0	100	300	0	0	0	0	0	0	0	0	0	0
4916	49	16	75	1600	800	0	100	320	0	0	0	0	0	0	0	0	0	0
4917	49	17	80	1700	850	0	100	340	0	0	0	0	0	0	0	0	0	0
4918	49	18	85	1800	900	0	100	360	0	0	0	0	0	0	0	0	0	0
4919	49	19	90	1900	950	0	100	380	0	0	0	0	0	0	0	0	0	0
4920	49	20	95	2000	1000	0	100	400	0	0	0	0	0	0	0	0	0	0
5001	50	1	1	100	50	0	100	20	0	0	0	0	0	0	0	0	0	0
5002	50	2	5	200	100	0	100	40	0	0	0	0	0	0	0	0	0	0
5003	50	3	10	300	150	0	100	60	0	0	0	0	0	0	0	0	0	0
5004	50	4	15	400	200	0	100	80	0	0	0	0	0	0	0	0	0	0
5005	50	5	20	500	250	0	100	100	0	0	0	0	0	0	0	0	0	0
5006	50	6	25	600	300	0	100	120	0	0	0	0	0	0	0	0	0	0
5007	50	7	30	700	350	0	100	140	0	0	0	0	0	0	0	0	0	0
5008	50	8	35	800	400	0	100	160	0	0	0	0	0	0	0	0	0	0
5009	50	9	40	900	450	0	100	180	0	0	0	0	0	0	0	0	0	0
5010	50	10	45	1000	500	0	100	200	0	0	0	0	0	0	0	0	0	0
5011	50	11	50	1100	550	0	100	220	0	0	0	0	0	0	0	0	0	0
5012	50	12	55	1200	600	0	100	240	0	0	0	0	0	0	0	0	0	0
5013	50	13	60	1300	650	0	100	260	0	0	0	0	0	0	0	0	0	0
5014	50	14	65	1400	700	0	100	280	0	0	0	0	0	0	0	0	0	0
5015	50	15	70	1500	750	0	100	300	0	0	0	0	0	0	0	0	0	0
5016	50	16	75	1600	800	0	100	320	0	0	0	0	0	0	0	0	0	0
5017	50	17	80	1700	850	0	100	340	0	0	0	0	0	0	0	0	0	0
5018	50	18	85	1800	900	0	100	360	0	0	0	0	0	0	0	0	0	0
5019	50	19	90	1900	950	0	100	380	0	0	0	0	0	0	0	0	0	0
5020	50	20	95	2000	1000	0	100	400	0	0	0	0	0	0	0	0	0	0
5101	51	1	1	100	50	0	100	20	0	0	0	0	0	0	0	0	0	0
5102	51	2	5	200	100	0	100	40	0	0	0	0	0	0	0	0	0	0
5103	51	3	10	300	150	0	100	60	0	0	0	0	0	0	0	0	0	0
5104	51	4	15	400	200	0	100	80	0	0	0	0	0	0	0	0	0	0
5105	51	5	20	500	250	0	100	100	0	0	0	0	0	0	0	0	0	0
5106	51	6	25	600	300	0	100	120	0	0	0	0	0	0	0	0	0	0
5107	51	7	30	700	350	0	100	140	0	0	0	0	0	0	0	0	0	0
5108	51	8	35	800	400	0	100	160	0	0	0	0	0	0	0	0	0	0
5109	51	9	40	900	450	0	100	180	0	0	0	0	0	0	0	0	0	0
5110	51	10	45	1000	500	0	100	200	0	0	0	0	0	0	0	0	0	0
5111	51	11	50	1100	550	0	100	220	0	0	0	0	0	0	0	0	0	0
5112	51	12	55	1200	600	0	100	240	0	0	0	0	0	0	0	0	0	0
5113	51	13	60	1300	650	0	100	260	0	0	0	0	0	0	0	0	0	0
5114	51	14	65	1400	700	0	100	280	0	0	0	0	0	0	0	0	0	0
5115	51	15	70	1500	750	0	100	300	0	0	0	0	0	0	0	0	0	0
5116	51	16	75	1600	800	0	100	320	0	0	0	0	0	0	0	0	0	0
5117	51	17	80	1700	850	0	100	340	0	0	0	0	0	0	0	0	0	0
5118	51	18	85	1800	900	0	100	360	0	0	0	0	0	0	0	0	0	0
5119	51	19	90	1900	950	0	100	380	0	0	0	0	0	0	0	0	0	0
5120	51	20	95	2000	1000	0	100	400	0	0	0	0	0	0	0	0	0	0
5201	52	1	1	100	50	0	100	20	0	0	0	0	0	0	0	0	0	0
5202	52	2	5	200	100	0	100	40	0	0	0	0	0	0	0	0	0	0
5203	52	3	10	300	150	0	100	60	0	0	0	0	0	0	0	0	0	0
5204	52	4	15	400	200	0	100	80	0	0	0	0	0	0	0	0	0	0
5205	52	5	20	500	250	0	100	100	0	0	0	0	0	0	0	0	0	0
5206	52	6	25	600	300	0	100	120	0	0	0	0	0	0	0	0	0	0
5207	52	7	30	700	350	0	100	140	0	0	0	0	0	0	0	0	0	0
5208	52	8	35	800	400	0	100	160	0	0	0	0	0	0	0	0	0	0
5209	52	9	40	900	450	0	100	180	0	0	0	0	0	0	0	0	0	0
5210	52	10	45	1000	500	0	100	200	0	0	0	0	0	0	0	0	0	0
5211	52	11	50	1100	550	0	100	220	0	0	0	0	0	0	0	0	0	0
5212	52	12	55	1200	600	0	100	240	0	0	0	0	0	0	0	0	0	0
5213	52	13	60	1300	650	0	100	260	0	0	0	0	0	0	0	0	0	0
5214	52	14	65	1400	700	0	100	280	0	0	0	0	0	0	0	0	0	0
5215	52	15	70	1500	750	0	100	300	0	0	0	0	0	0	0	0	0	0
5216	52	16	75	1600	800	0	100	320	0	0	0	0	0	0	0	0	0	0
5217	52	17	80	1700	850	0	100	340	0	0	0	0	0	0	0	0	0	0
5218	52	18	85	1800	900	0	100	360	0	0	0	0	0	0	0	0	0	0
5219	52	19	90	1900	950	0	100	380	0	0	0	0	0	0	0	0	0	0
5220	52	20	95	2000	1000	0	100	400	0	0	0	0	0	0	0	0	0	0
5301	53	1	1	100	50	0	100	20	0	0	0	0	0	0	0	0	0	0
5302	53	2	5	200	100	0	100	40	0	0	0	0	0	0	0	0	0	0
5303	53	3	10	300	150	0	100	60	0	0	0	0	0	0	0	0	0	0
5304	53	4	15	400	200	0	100	80	0	0	0	0	0	0	0	0	0	0
5305	53	5	20	500	250	0	100	100	0	0	0	0	0	0	0	0	0	0
5306	53	6	25	600	300	0	100	120	0	0	0	0	0	0	0	0	0	0
5307	53	7	30	700	350	0	100	140	0	0	0	0	0	0	0	0	0	0
5308	53	8	35	800	400	0	100	160	0	0	0	0	0	0	0	0	0	0
5309	53	9	40	900	450	0	100	180	0	0	0	0	0	0	0	0	0	0
5310	53	10	45	1000	500	0	100	200	0	0	0	0	0	0	0	0	0	0
5311	53	11	50	1100	550	0	100	220	0	0	0	0	0	0	0	0	0	0
5312	53	12	55	1200	600	0	100	240	0	0	0	0	0	0	0	0	0	0
5313	53	13	60	1300	650	0	100	260	0	0	0	0	0	0	0	0	0	0
5314	53	14	65	1400	700	0	100	280	0	0	0	0	0	0	0	0	0	0
5315	53	15	70	1500	750	0	100	300	0	0	0	0	0	0	0	0	0	0
5316	53	16	75	1600	800	0	100	320	0	0	0	0	0	0	0	0	0	0
5317	53	17	80	1700	850	0	100	340	0	0	0	0	0	0	0	0	0	0
5318	53	18	85	1800	900	0	100	360	0	0	0	0	0	0	0	0	0	0
5319	53	19	90	1900	950	0	100	380	0	0	0	0	0	0	0	0	0	0
5320	53	20	95	2000	1000	0	100	400	0	0	0	0	0	0	0	0	0	0
5401	54	1	1	100	50	0	100	20	0	0	0	0	0	0	0	0	0	0
5402	54	2	5	200	100	0	100	40	0	0	0	0	0	0	0	0	0	0
5403	54	3	10	300	150	0	100	60	0	0	0	0	0	0	0	0	0	0
5404	54	4	15	400	200	0	100	80	0	0	0	0	0	0	0	0	0	0
5405	54	5	20	500	250	0	100	100	0	0	0	0	0	0	0	0	0	0
5406	54	6	25	600	300	0	100	120	0	0	0	0	0	0	0	0	0	0
5407	54	7	30	700	350	0	100	140	0	0	0	0	0	0	0	0	0	0
5408	54	8	35	800	400	0	100	160	0	0	0	0	0	0	0	0	0	0
5409	54	9	40	900	450	0	100	180	0	0	0	0	0	0	0	0	0	0
5410	54	10	45	1000	500	0	100	200	0	0	0	0	0	0	0	0	0	0
5411	54	11	50	1100	550	0	100	220	0	0	0	0	0	0	0	0	0	0
5412	54	12	55	1200	600	0	100	240	0	0	0	0	0	0	0	0	0	0
5413	54	13	60	1300	650	0	100	260	0	0	0	0	0	0	0	0	0	0
5414	54	14	65	1400	700	0	100	280	0	0	0	0	0	0	0	0	0	0
5415	54	15	70	1500	750	0	100	300	0	0	0	0	0	0	0	0	0	0
5416	54	16	75	1600	800	0	100	320	0	0	0	0	0	0	0	0	0	0
5417	54	17	80	1700	850	0	100	340	0	0	0	0	0	0	0	0	0	0
5418	54	18	85	1800	900	0	100	360	0	0	0	0	0	0	0	0	0	0
5419	54	19	90	1900	950	0	100	380	0	0	0	0	0	0	0	0	0	0
5420	54	20	95	2000	1000	0	100	400	0	0	0	0	0	0	0	0	0	0
5501	55	1	1	100	50	0	100	20	0	0	0	0	0	0	0	0	0	0
5502	55	2	5	200	100	0	100	40	0	0	0	0	0	0	0	0	0	0
5503	55	3	10	300	150	0	100	60	0	0	0	0	0	0	0	0	0	0
5504	55	4	15	400	200	0	100	80	0	0	0	0	0	0	0	0	0	0
5505	55	5	20	500	250	0	100	100	0	0	0	0	0	0	0	0	0	0
5506	55	6	25	600	300	0	100	120	0	0	0	0	0	0	0	0	0	0
5507	55	7	30	700	350	0	100	140	0	0	0	0	0	0	0	0	0	0
5508	55	8	35	800	400	0	100	160	0	0	0	0	0	0	0	0	0	0
5509	55	9	40	900	450	0	100	180	0	0	0	0	0	0	0	0	0	0
5510	55	10	45	1000	500	0	100	200	0	0	0	0	0	0	0	0	0	0
5511	55	11	50	1100	550	0	100	220	0	0	0	0	0	0	0	0	0	0
5512	55	12	55	1200	600	0	100	240	0	0	0	0	0	0	0	0	0	0
5513	55	13	60	1300	650	0	100	260	0	0	0	0	0	0	0	0	0	0
5514	55	14	65	1400	700	0	100	280	0	0	0	0	0	0	0	0	0	0
5515	55	15	70	1500	750	0	100	300	0	0	0	0	0	0	0	0	0	0
5516	55	16	75	1600	800	0	100	320	0	0	0	0	0	0	0	0	0	0
5517	55	17	80	1700	850	0	100	340	0	0	0	0	0	0	0	0	0	0
5518	55	18	85	1800	900	0	100	360	0	0	0	0	0	0	0	0	0	0
5519	55	19	90	1900	950	0	100	380	0	0	0	0	0	0	0	0	0	0
5520	55	20	95	2000	1000	0	100	400	0	0	0	0	0	0	0	0	0	0
5601	56	1	1	100	50	0	100	20	0	0	0	0	0	0	0	0	0	0
5602	56	2	5	200	100	0	100	40	0	0	0	0	0	0	0	0	0	0
5603	56	3	10	300	150	0	100	60	0	0	0	0	0	0	0	0	0	0
5604	56	4	15	400	200	0	100	80	0	0	0	0	0	0	0	0	0	0
5605	56	5	20	500	250	0	100	100	0	0	0	0	0	0	0	0	0	0
5606	56	6	25	600	300	0	100	120	0	0	0	0	0	0	0	0	0	0
5607	56	7	30	700	350	0	100	140	0	0	0	0	0	0	0	0	0	0
5608	56	8	35	800	400	0	100	160	0	0	0	0	0	0	0	0	0	0
5609	56	9	40	900	450	0	100	180	0	0	0	0	0	0	0	0	0	0
5610	56	10	45	1000	500	0	100	200	0	0	0	0	0	0	0	0	0	0
5611	56	11	50	1100	550	0	100	220	0	0	0	0	0	0	0	0	0	0
5612	56	12	55	1200	600	0	100	240	0	0	0	0	0	0	0	0	0	0
5613	56	13	60	1300	650	0	100	260	0	0	0	0	0	0	0	0	0	0
5614	56	14	65	1400	700	0	100	280	0	0	0	0	0	0	0	0	0	0
5615	56	15	70	1500	750	0	100	300	0	0	0	0	0	0	0	0	0	0
5616	56	16	75	1600	800	0	100	320	0	0	0	0	0	0	0	0	0	0
5617	56	17	80	1700	850	0	100	340	0	0	0	0	0	0	0	0	0	0
5618	56	18	85	1800	900	0	100	360	0	0	0	0	0	0	0	0	0	0
5619	56	19	90	1900	950	0	100	380	0	0	0	0	0	0	0	0	0	0
5620	56	20	95	2000	1000	0	100	400	0	0	0	0	0	0	0	0	0	0
5701	57	1	1	100	50	0	100	20	0	0	0	0	0	0	0	0	0	0
5702	57	2	5	200	100	0	100	40	0	0	0	0	0	0	0	0	0	0
5703	57	3	10	300	150	0	100	60	0	0	0	0	0	0	0	0	0	0
5704	57	4	15	400	200	0	100	80	0	0	0	0	0	0	0	0	0	0
5705	57	5	20	500	250	0	100	100	0	0	0	0	0	0	0	0	0	0
5706	57	6	25	600	300	0	100	120	0	0	0	0	0	0	0	0	0	0
5707	57	7	30	700	350	0	100	140	0	0	0	0	0	0	0	0	0	0
5708	57	8	35	800	400	0	100	160	0	0	0	0	0	0	0	0	0	0
5709	57	9	40	900	450	0	100	180	0	0	0	0	0	0	0	0	0	0
5710	57	10	45	1000	500	0	100	200	0	0	0	0	0	0	0	0	0	0
5711	57	11	50	1100	550	0	100	220	0	0	0	0	0	0	0	0	0	0
5712	57	12	55	1200	600	0	100	240	0	0	0	0	0	0	0	0	0	0
5713	57	13	60	1300	650	0	100	260	0	0	0	0	0	0	0	0	0	0
5714	57	14	65	1400	700	0	100	280	0	0	0	0	0	0	0	0	0	0
5715	57	15	70	1500	750	0	100	300	0	0	0	0	0	0	0	0	0	0
5716	57	16	75	1600	800	0	100	320	0	0	0	0	0	0	0	0	0	0
5717	57	17	80	1700	850	0	100	340	0	0	0	0	0	0	0	0	0	0
5718	57	18	85	1800	900	0	100	360	0	0	0	0	0	0	0	0	0	0
5719	57	19	90	1900	950	0	100	380	0	0	0	0	0	0	0	0	0	0
5720	57	20	95	2000	1000	0	100	400	0	0	0	0	0	0	0	0	0	0
5801	58	1	1	100	50	0	100	20	0	0	0	0	0	0	0	0	0	0
5802	58	2	5	200	100	0	100	40	0	0	0	0	0	0	0	0	0	0
5803	58	3	10	300	150	0	100	60	0	0	0	0	0	0	0	0	0	0
5804	58	4	15	400	200	0	100	80	0	0	0	0	0	0	0	0	0	0
5805	58	5	20	500	250	0	100	100	0	0	0	0	0	0	0	0	0	0
5806	58	6	25	600	300	0	100	120	0	0	0	0	0	0	0	0	0	0
5807	58	7	30	700	350	0	100	140	0	0	0	0	0	0	0	0	0	0
5808	58	8	35	800	400	0	100	160	0	0	0	0	0	0	0	0	0	0
5809	58	9	40	900	450	0	100	180	0	0	0	0	0	0	0	0	0	0
5810	58	10	45	1000	500	0	100	200	0	0	0	0	0	0	0	0	0	0
5811	58	11	50	1100	550	0	100	220	0	0	0	0	0	0	0	0	0	0
5812	58	12	55	1200	600	0	100	240	0	0	0	0	0	0	0	0	0	0
5813	58	13	60	1300	650	0	100	260	0	0	0	0	0	0	0	0	0	0
5814	58	14	65	1400	700	0	100	280	0	0	0	0	0	0	0	0	0	0
5815	58	15	70	1500	750	0	100	300	0	0	0	0	0	0	0	0	0	0
5816	58	16	75	1600	800	0	100	320	0	0	0	0	0	0	0	0	0	0
5817	58	17	80	1700	850	0	100	340	0	0	0	0	0	0	0	0	0	0
5818	58	18	85	1800	900	0	100	360	0	0	0	0	0	0	0	0	0	0
5819	58	19	90	1900	950	0	100	380	0	0	0	0	0	0	0	0	0	0
5820	58	20	95	2000	1000	0	100	400	0	0	0	0	0	0	0	0	0	0
5901	59	1	1	100	50	0	100	20	0	0	0	0	0	0	0	0	0	0
5902	59	2	5	200	100	0	100	40	0	0	0	0	0	0	0	0	0	0
5903	59	3	10	300	150	0	100	60	0	0	0	0	0	0	0	0	0	0
5904	59	4	15	400	200	0	100	80	0	0	0	0	0	0	0	0	0	0
5905	59	5	20	500	250	0	100	100	0	0	0	0	0	0	0	0	0	0
5906	59	6	25	600	300	0	100	120	0	0	0	0	0	0	0	0	0	0
5907	59	7	30	700	350	0	100	140	0	0	0	0	0	0	0	0	0	0
5908	59	8	35	800	400	0	100	160	0	0	0	0	0	0	0	0	0	0
5909	59	9	40	900	450	0	100	180	0	0	0	0	0	0	0	0	0	0
5910	59	10	45	1000	500	0	100	200	0	0	0	0	0	0	0	0	0	0
5911	59	11	50	1100	550	0	100	220	0	0	0	0	0	0	0	0	0	0
5912	59	12	55	1200	600	0	100	240	0	0	0	0	0	0	0	0	0	0
5913	59	13	60	1300	650	0	100	260	0	0	0	0	0	0	0	0	0	0
5914	59	14	65	1400	700	0	100	280	0	0	0	0	0	0	0	0	0	0
5915	59	15	70	1500	750	0	100	300	0	0	0	0	0	0	0	0	0	0
5916	59	16	75	1600	800	0	100	320	0	0	0	0	0	0	0	0	0	0
5917	59	17	80	1700	850	0	100	340	0	0	0	0	0	0	0	0	0	0
5918	59	18	85	1800	900	0	100	360	0	0	0	0	0	0	0	0	0	0
5919	59	19	90	1900	950	0	100	380	0	0	0	0	0	0	0	0	0	0
5920	59	20	95	2000	1000	0	100	400	0	0	0	0	0	0	0	0	0	0
6001	60	1	1	100	50	0	100	20	0	0	0	0	0	0	0	0	0	0
6002	60	2	5	200	100	0	100	40	0	0	0	0	0	0	0	0	0	0
6003	60	3	10	300	150	0	100	60	0	0	0	0	0	0	0	0	0	0
6004	60	4	15	400	200	0	100	80	0	0	0	0	0	0	0	0	0	0
6005	60	5	20	500	250	0	100	100	0	0	0	0	0	0	0	0	0	0
6006	60	6	25	600	300	0	100	120	0	0	0	0	0	0	0	0	0	0
6007	60	7	30	700	350	0	100	140	0	0	0	0	0	0	0	0	0	0
6008	60	8	35	800	400	0	100	160	0	0	0	0	0	0	0	0	0	0
6009	60	9	40	900	450	0	100	180	0	0	0	0	0	0	0	0	0	0
6010	60	10	45	1000	500	0	100	200	0	0	0	0	0	0	0	0	0	0
6011	60	11	50	1100	550	0	100	220	0	0	0	0	0	0	0	0	0	0
6012	60	12	55	1200	600	0	100	240	0	0	0	0	0	0	0	0	0	0
6013	60	13	60	1300	650	0	100	260	0	0	0	0	0	0	0	0	0	0
6014	60	14	65	1400	700	0	100	280	0	0	0	0	0	0	0	0	0	0
6015	60	15	70	1500	750	0	100	300	0	0	0	0	0	0	0	0	0	0
6016	60	16	75	1600	800	0	100	320	0	0	0	0	0	0	0	0	0	0
6017	60	17	80	1700	850	0	100	340	0	0	0	0	0	0	0	0	0	0
6018	60	18	85	1800	900	0	100	360	0	0	0	0	0	0	0	0	0	0
6019	60	19	90	1900	950	0	100	380	0	0	0	0	0	0	0	0	0	0
6020	60	20	95	2000	1000	0	100	400	0	0	0	0	0	0	0	0	0	0
6101	61	1	1	100	50	0	100	20	0	0	0	0	0	0	0	0	0	0
6102	61	2	5	200	100	0	100	40	0	0	0	0	0	0	0	0	0	0
6103	61	3	10	300	150	0	100	60	0	0	0	0	0	0	0	0	0	0
6104	61	4	15	400	200	0	100	80	0	0	0	0	0	0	0	0	0	0
6105	61	5	20	500	250	0	100	100	0	0	0	0	0	0	0	0	0	0
6106	61	6	25	600	300	0	100	120	0	0	0	0	0	0	0	0	0	0
6107	61	7	30	700	350	0	100	140	0	0	0	0	0	0	0	0	0	0
6108	61	8	35	800	400	0	100	160	0	0	0	0	0	0	0	0	0	0
6109	61	9	40	900	450	0	100	180	0	0	0	0	0	0	0	0	0	0
6110	61	10	45	1000	500	0	100	200	0	0	0	0	0	0	0	0	0	0
6111	61	11	50	1100	550	0	100	220	0	0	0	0	0	0	0	0	0	0
6112	61	12	55	1200	600	0	100	240	0	0	0	0	0	0	0	0	0	0
6113	61	13	60	1300	650	0	100	260	0	0	0	0	0	0	0	0	0	0
6114	61	14	65	1400	700	0	100	280	0	0	0	0	0	0	0	0	0	0
6115	61	15	70	1500	750	0	100	300	0	0	0	0	0	0	0	0	0	0
6116	61	16	75	1600	800	0	100	320	0	0	0	0	0	0	0	0	0	0
6117	61	17	80	1700	850	0	100	340	0	0	0	0	0	0	0	0	0	0
6118	61	18	85	1800	900	0	100	360	0	0	0	0	0	0	0	0	0	0
6119	61	19	90	1900	950	0	100	380	0	0	0	0	0	0	0	0	0	0
6120	61	20	95	2000	1000	0	100	400	0	0	0	0	0	0	0	0	0	0
6201	62	1	1	100	50	0	100	20	0	0	0	0	0	0	0	0	0	0
6202	62	2	5	200	100	0	100	40	0	0	0	0	0	0	0	0	0	0
6203	62	3	10	300	150	0	100	60	0	0	0	0	0	0	0	0	0	0
6204	62	4	15	400	200	0	100	80	0	0	0	0	0	0	0	0	0	0
6205	62	5	20	500	250	0	100	100	0	0	0	0	0	0	0	0	0	0
6206	62	6	25	600	300	0	100	120	0	0	0	0	0	0	0	0	0	0
6207	62	7	30	700	350	0	100	140	0	0	0	0	0	0	0	0	0	0
6208	62	8	35	800	400	0	100	160	0	0	0	0	0	0	0	0	0	0
6209	62	9	40	900	450	0	100	180	0	0	0	0	0	0	0	0	0	0
6210	62	10	45	1000	500	0	100	200	0	0	0	0	0	0	0	0	0	0
6211	62	11	50	1100	550	0	100	220	0	0	0	0	0	0	0	0	0	0
6212	62	12	55	1200	600	0	100	240	0	0	0	0	0	0	0	0	0	0
6213	62	13	60	1300	650	0	100	260	0	0	0	0	0	0	0	0	0	0
6214	62	14	65	1400	700	0	100	280	0	0	0	0	0	0	0	0	0	0
6215	62	15	70	1500	750	0	100	300	0	0	0	0	0	0	0	0	0	0
6216	62	16	75	1600	800	0	100	320	0	0	0	0	0	0	0	0	0	0
6217	62	17	80	1700	850	0	100	340	0	0	0	0	0	0	0	0	0	0
6218	62	18	85	1800	900	0	100	360	0	0	0	0	0	0	0	0	0	0
6219	62	19	90	1900	950	0	100	380	0	0	0	0	0	0	0	0	0	0
6220	62	20	95	2000	1000	0	100	400	0	0	0	0	0	0	0	0	0	0
6301	63	1	1	100	50	0	100	20	0	0	0	0	0	0	0	0	0	0
6302	63	2	5	200	100	0	100	40	0	0	0	0	0	0	0	0	0	0
6303	63	3	10	300	150	0	100	60	0	0	0	0	0	0	0	0	0	0
6304	63	4	15	400	200	0	100	80	0	0	0	0	0	0	0	0	0	0
6305	63	5	20	500	250	0	100	100	0	0	0	0	0	0	0	0	0	0
6306	63	6	25	600	300	0	100	120	0	0	0	0	0	0	0	0	0	0
6307	63	7	30	700	350	0	100	140	0	0	0	0	0	0	0	0	0	0
6308	63	8	35	800	400	0	100	160	0	0	0	0	0	0	0	0	0	0
6309	63	9	40	900	450	0	100	180	0	0	0	0	0	0	0	0	0	0
6310	63	10	45	1000	500	0	100	200	0	0	0	0	0	0	0	0	0	0
6311	63	11	50	1100	550	0	100	220	0	0	0	0	0	0	0	0	0	0
6312	63	12	55	1200	600	0	100	240	0	0	0	0	0	0	0	0	0	0
6313	63	13	60	1300	650	0	100	260	0	0	0	0	0	0	0	0	0	0
6314	63	14	65	1400	700	0	100	280	0	0	0	0	0	0	0	0	0	0
6315	63	15	70	1500	750	0	100	300	0	0	0	0	0	0	0	0	0	0
6316	63	16	75	1600	800	0	100	320	0	0	0	0	0	0	0	0	0	0
6317	63	17	80	1700	850	0	100	340	0	0	0	0	0	0	0	0	0	0
6318	63	18	85	1800	900	0	100	360	0	0	0	0	0	0	0	0	0	0
6319	63	19	90	1900	950	0	100	380	0	0	0	0	0	0	0	0	0	0
6320	63	20	95	2000	1000	0	100	400	0	0	0	0	0	0	0	0	0	0
6401	64	1	1	100	50	0	100	20	0	0	0	0	0	0	0	0	0	0
6402	64	2	5	200	100	0	100	40	0	0	0	0	0	0	0	0	0	0
6403	64	3	10	300	150	0	100	60	0	0	0	0	0	0	0	0	0	0
6404	64	4	15	400	200	0	100	80	0	0	0	0	0	0	0	0	0	0
6405	64	5	20	500	250	0	100	100	0	0	0	0	0	0	0	0	0	0
6406	64	6	25	600	300	0	100	120	0	0	0	0	0	0	0	0	0	0
6407	64	7	30	700	350	0	100	140	0	0	0	0	0	0	0	0	0	0
6408	64	8	35	800	400	0	100	160	0	0	0	0	0	0	0	0	0	0
6409	64	9	40	900	450	0	100	180	0	0	0	0	0	0	0	0	0	0
6410	64	10	45	1000	500	0	100	200	0	0	0	0	0	0	0	0	0	0
6411	64	11	50	1100	550	0	100	220	0	0	0	0	0	0	0	0	0	0
6412	64	12	55	1200	600	0	100	240	0	0	0	0	0	0	0	0	0	0
6413	64	13	60	1300	650	0	100	260	0	0	0	0	0	0	0	0	0	0
6414	64	14	65	1400	700	0	100	280	0	0	0	0	0	0	0	0	0	0
6415	64	15	70	1500	750	0	100	300	0	0	0	0	0	0	0	0	0	0
6416	64	16	75	1600	800	0	100	320	0	0	0	0	0	0	0	0	0	0
6417	64	17	80	1700	850	0	100	340	0	0	0	0	0	0	0	0	0	0
6418	64	18	85	1800	900	0	100	360	0	0	0	0	0	0	0	0	0	0
6419	64	19	90	1900	950	0	100	380	0	0	0	0	0	0	0	0	0	0
6420	64	20	95	2000	1000	0	100	400	0	0	0	0	0	0	0	0	0	0
